<!DOCTYPE HTML>
<html>
  <head>
    <meta charset="UTF-8">
    <title>SEA results</title>
    <script type="text/javascript">
      //@JSON_VAR data
      var data = {
        "version": "5.5.0",
        "revision": "f2d477cd7042ca2aea22804f4c36acfd3765987b",
        "release": "Wed Sep 7 14:18:26 2022 -0700",
        "program": "SEA",
        "cmd": [
          "sea", "--verbosity", "1", "--oc", ".", "--thresh", "10.0",
          "--align", "center", "--p",
          "PTs2_DARs_nearSexBiasedGenes_fWTvsmWT_F.bed.fa", "--m",
          "motif_db/MOUSE/HOCOMOCOv11_full_MOUSE_mono_meme_format.meme"
        ],
        "options": {
          "objfun": "Differential Enrichment",
          "test": "Fisher Exact Test",
          "order": 2,
          "seed": 0,
          "pseudocount": 0.1,
          "thresh_type": "evalue",
          "thresh": 10,
          "hofract": 0.1,
          "is_holdout": true,
          "strands": "both",
          "align": "center",
          "noseqs": "false"
        },
        "motif_dbs": [
          {
            "source": "motif_db/MOUSE/HOCOMOCOv11_full_MOUSE_mono_meme_format.meme",
            "count": 531
          }
        ],
        "alphabet": {
          "name": "DNA",
          "like": "dna",
          "ncore": 4,
          "symbols": [
            {
              "symbol": "A",
              "name": "Adenine",
              "colour": "CC0000",
              "complement": "T"
            }, {
              "symbol": "C",
              "name": "Cytosine",
              "colour": "0000CC",
              "complement": "G"
            }, {
              "symbol": "G",
              "name": "Guanine",
              "colour": "FFB300",
              "complement": "C"
            }, {
              "symbol": "T",
              "aliases": "U",
              "name": "Thymine",
              "colour": "008000",
              "complement": "A"
            }, {
              "symbol": "N",
              "aliases": "X.",
              "name": "Any base",
              "equals": "ACGT"
            }, {
              "symbol": "V",
              "name": "Not T",
              "equals": "ACG"
            }, {
              "symbol": "H",
              "name": "Not G",
              "equals": "ACT"
            }, {
              "symbol": "D",
              "name": "Not C",
              "equals": "AGT"
            }, {
              "symbol": "B",
              "name": "Not A",
              "equals": "CGT"
            }, {
              "symbol": "M",
              "name": "Amino",
              "equals": "AC"
            }, {
              "symbol": "R",
              "name": "Purine",
              "equals": "AG"
            }, {
              "symbol": "W",
              "name": "Weak",
              "equals": "AT"
            }, {
              "symbol": "S",
              "name": "Strong",
              "equals": "CG"
            }, {
              "symbol": "Y",
              "name": "Pyrimidine",
              "equals": "CT"
            }, {
              "symbol": "K",
              "name": "Keto",
              "equals": "GT"
            }
          ]
        },
        "background": {
          "source": "--control--",
          "frequencies": [0.2616, 0.2384, 0.2384, 0.2616]
        },
        "sequence_db": {
          "source": "PTs2_DARs_nearSexBiasedGenes_fWTvsmWT_F.bed.fa",
          "count": 207,
          "maxlen": 500,
          "holdout": 20
        },
        "control_db": {
          "from": "shuffled",
          "count": 207,
          "holdout": 20
        },
        "motifs": [
          {
            "db": 0,
            "id": "HNF1A_MOUSE.H11MO.0.A",
            "len": 15,
            "consensus": "RGTTAATMWTTAMCM",
            "motif_evalue": 0,
            "motif_nsites": 174,
            "url": "http://hocomoco.autosome.ru/motif/HNF1A_MOUSE.H11MO.0.A",
            "pwm": [
              [0.346435, 0.0299643, 0.483119, 0.140482], 
              [0.0946072, 0.0075606, 0.867987, 0.0298451], 
              [0.00704371, 0.0887609, 0.0118027, 0.892393], 
              [0.0930164, 0.0155146, 0.000136909, 0.891332], 
              [0.974653, 0.0171054, 0.00384876, 0.00439239], 
              [0.747811, 0.104739, 0.034674, 0.112776], 
              [0.0903651, 0.0091514, 0.00862113, 0.891862], 
              [0.400934, 0.224383, 0.19787, 0.176813], 
              [0.559763, 0.0250593, 0.0580056, 0.357172], 
              [0.0638519, 0.0229383, 0.0420278, 0.871182], 
              [0.0643822, 0.173283, 0.0118027, 0.750532], 
              [0.555185, 0.0601267, 0.192302, 0.192386], 
              [0.498363, 0.283062, 0.0792861, 0.139289], 
              [0.189009, 0.569224, 0.0282409, 0.213526], 
              [0.356985, 0.368637, 0.148088, 0.12629]
            ],
            "pvalue": "3.02e-11",
            "log_pvalue": -24.224,
            "evalue": "1.60e-8",
            "log_evalue": -17.9493,
            "qvalue": "8.58e-9",
            "log_qvalue": -18.5733,
            "tp": 54,
            "fp": 8,
            "enr_ratio": 6.11111,
            "score_thresh": 11.8723,
            "total_sites": 54,
            "site_distr": [
              0, 0, 0, 0, 0, 0, 0, 0, 0, 0, 0, 0, 0, 0, 0, 0, 0, 0, 0, 0, 0,
              0, 0, 0, 0, 0, 0, 0, 0, 0, 0, 0, 0, 0, 0, 0, 0, 0, 0, 0, 0, 0,
              0, 0, 0, 0, 0, 0, 0, 0, 0, 0, 0, 0, 0, 0, 0, 0, 0, 0, 0, 0, 0,
              0, 0, 0, 0, 0, 0, 0, 0, 0, 0, 0, 0, 0, 0, 0, 0, 0, 0, 0, 0, 0,
              0, 0, 0, 0, 0, 0, 0, 0, 0, 0, 0, 0, 0, 0, 0, 0, 0, 0, 0, 0, 0,
              0, 0, 0, 0, 0, 0, 0, 0, 0, 0, 0, 0, 0, 0, 0, 0, 0, 0, 0, 0, 0,
              0, 0, 0, 0, 0, 0, 0, 0, 0, 0, 0, 0, 0, 0, 0, 0, 1, 0, 0, 0, 0,
              0, 0, 0, 0, 0, 0, 0, 0, 0, 0, 1, 0, 0, 0, 0, 0, 1, 0, 0, 0, 0,
              1, 1, 0, 0, 0, 0, 0, 0, 0, 0, 0, 0, 0, 0, 0, 0, 0, 0, 1, 0, 0,
              0, 0, 0, 1, 0, 0, 0, 1, 0, 0, 0, 1, 0, 0, 0, 0, 0, 0, 2, 0, 2,
              0, 1, 0, 0, 0, 0, 3, 0, 0, 1, 0, 1, 1, 0, 0, 0, 0, 1, 0, 1, 0,
              1, 0, 0, 0, 0, 0, 0, 0, 2, 2, 3, 0, 0, 0, 0, 0, 0, 0, 0, 1, 0,
              0, 0, 0, 2, 0, 2, 0, 0, 1, 0, 0, 0, 1, 0, 0, 0, 0, 0, 0, 0, 1,
              0, 0, 0, 0, 1, 0, 0, 1, 0, 0, 0, 3, 0, 0, 0, 0, 1, 1, 1, 1, 0,
              0, 0, 0, 0, 0, 0, 0, 0, 0, 0, 1, 0, 0, 1, 0, 0, 0, 0, 0, 0, 0,
              0, 0, 1, 0, 0, 0, 0, 0, 0, 0, 0, 0, 0, 0, 0, 0, 0, 0, 0, 0, 0,
              0, 0, 0, 1, 0, 0, 0, 0, 0, 0, 0, 0, 0, 0, 0, 0, 0, 1, 0, 0, 0,
              0, 0, 0, 0, 0, 0, 0, 0, 0, 0, 0, 0, 0, 0, 0, 0, 0, 0, 0, 0, 1,
              0, 0, 0, 0, 0, 0, 0, 0, 0, 0, 0, 0, 0, 0, 0, 0, 0, 0, 0, 0, 0,
              0, 0, 0, 0, 0, 0, 0, 0, 0, 0, 0, 0, 0, 0, 0, 0, 0, 0, 0, 0, 1,
              0, 0, 0, 0, 0, 0, 0, 0, 0, 0, 0, 0, 0, 0, 0, 0, 0, 0, 0, 0, 0,
              0, 0, 0, 0, 0, 0, 0, 0, 0, 0, 0, 0, 0, 0, 0, 0, 0, 0, 0, 0, 0,
              0, 0, 0, 0, 0, 0, 0, 0, 0, 0, 0, 0, 0, 0, 0, 0, 0, 0, 0, 0, 0,
              0, 0, 0
            ],
            "max_sites": 3,
            "site_hist": [0, 42, 11, 1]
          }, {
            "db": 0,
            "id": "HNF1B_MOUSE.H11MO.1.A",
            "len": 13,
            "consensus": "HWRGTTAATSATT",
            "motif_evalue": 0,
            "motif_nsites": 500,
            "url": "http://hocomoco.autosome.ru/motif/HNF1B_MOUSE.H11MO.1.A",
            "pwm": [
              [0.21001, 0.327982, 0.122023, 0.339984], 
              [0.238005, 0.158016, 0.13602, 0.467959], 
              [0.435965, 0.0240429, 0.357976, 0.182016], 
              [0.0620399, 0.00404686, 0.903867, 0.0300463], 
              [0.0100503, 0.0320413, 0.0160445, 0.941864], 
              [0.0780367, 0.0300417, 0.0180441, 0.873878], 
              [0.971858, 0.00804606, 0.0180441, 0.00205192], 
              [0.865879, 0.0720333, 0.0220433, 0.0400443], 
              [0.0640395, 0.00604646, 0.00604646, 0.923868], 
              [0.206011, 0.222003, 0.419964, 0.152022], 
              [0.727907, 0.0220433, 0.0300417, 0.220008], 
              [0.0600403, 0.0200437, 0.120024, 0.799892], 
              [0.00205192, 0.0640349, 0.00204726, 0.931866]
            ],
            "pvalue": "9.80e-10",
            "log_pvalue": -20.7435,
            "evalue": "5.20e-7",
            "log_evalue": -14.4687,
            "qvalue": "1.39e-7",
            "log_qvalue": -15.786,
            "tp": 71,
            "fp": 21,
            "enr_ratio": 3.27273,
            "score_thresh": 9.86965,
            "total_sites": 71,
            "site_distr": [
              0, 0, 0, 0, 0, 0, 1, 0, 0, 0, 0, 0, 1, 0, 0, 0, 0, 0, 0, 0, 0,
              0, 0, 0, 0, 0, 0, 0, 0, 0, 0, 0, 0, 0, 0, 0, 0, 0, 0, 0, 0, 0,
              0, 0, 0, 0, 0, 0, 0, 0, 0, 0, 0, 0, 0, 0, 0, 0, 0, 0, 0, 0, 0,
              0, 0, 0, 0, 0, 0, 0, 0, 0, 0, 0, 0, 0, 0, 0, 0, 0, 0, 0, 0, 0,
              0, 0, 0, 0, 1, 0, 0, 0, 0, 0, 0, 0, 0, 0, 0, 0, 0, 0, 0, 0, 0,
              0, 0, 0, 0, 0, 0, 0, 0, 0, 0, 0, 0, 0, 0, 0, 0, 0, 0, 1, 0, 0,
              0, 0, 0, 0, 0, 0, 0, 0, 0, 0, 1, 0, 0, 0, 0, 0, 0, 0, 0, 0, 1,
              0, 0, 1, 0, 0, 0, 0, 0, 1, 0, 0, 0, 0, 0, 0, 0, 0, 0, 0, 0, 2,
              1, 0, 0, 1, 1, 0, 0, 0, 0, 0, 0, 0, 0, 1, 0, 0, 0, 0, 0, 0, 0,
              0, 0, 0, 0, 0, 1, 0, 0, 0, 0, 0, 0, 1, 0, 1, 1, 1, 0, 0, 0, 0,
              0, 1, 0, 1, 2, 1, 0, 1, 0, 0, 1, 0, 0, 0, 0, 1, 1, 1, 0, 0, 0,
              0, 0, 0, 0, 0, 0, 1, 1, 0, 0, 0, 0, 1, 0, 3, 0, 0, 1, 0, 0, 0,
              1, 1, 0, 0, 1, 0, 0, 1, 1, 2, 1, 0, 0, 0, 0, 0, 0, 0, 1, 0, 1,
              0, 1, 0, 0, 0, 1, 0, 1, 0, 0, 0, 0, 0, 0, 1, 4, 0, 0, 0, 0, 0,
              0, 1, 1, 0, 0, 0, 0, 0, 0, 1, 0, 1, 0, 0, 0, 0, 0, 1, 0, 0, 0,
              1, 0, 0, 0, 0, 0, 0, 0, 0, 0, 0, 0, 1, 0, 0, 0, 0, 0, 0, 0, 1,
              0, 0, 0, 0, 0, 0, 0, 1, 0, 0, 0, 0, 0, 0, 0, 0, 0, 0, 0, 0, 0,
              1, 0, 0, 0, 0, 0, 0, 0, 0, 0, 0, 0, 0, 0, 0, 0, 0, 0, 2, 0, 0,
              0, 0, 0, 0, 0, 0, 0, 0, 0, 0, 0, 0, 0, 0, 0, 0, 0, 1, 0, 0, 0,
              0, 0, 0, 0, 0, 0, 0, 0, 0, 0, 0, 0, 1, 0, 0, 0, 0, 0, 0, 0, 0,
              0, 0, 0, 1, 0, 0, 1, 0, 0, 0, 0, 0, 0, 0, 0, 0, 0, 0, 0, 0, 0,
              0, 0, 0, 0, 0, 0, 0, 0, 0, 0, 0, 0, 0, 0, 0, 0, 0, 0, 0, 0, 0,
              0, 0, 0, 1, 0, 0, 0, 0, 0, 0, 0, 0, 0, 0, 0, 0, 0, 0, 0, 0, 0,
              0, 0, 0, 0, 0
            ],
            "max_sites": 4,
            "site_hist": [0, 44, 20, 4, 3]
          }, {
            "db": 0,
            "id": "SP5_MOUSE.H11MO.0.C",
            "len": 24,
            "consensus": "RRGGRGGRGGRGRRGGGGGAGGRG",
            "motif_evalue": 0,
            "motif_nsites": 499,
            "url": "http://hocomoco.autosome.ru/motif/SP5_MOUSE.H11MO.0.C",
            "pwm": [
              [0.282561, 0.138297, 0.470895, 0.108247], 
              [0.32664, 0.106239, 0.394758, 0.172363], 
              [0.188391, 0.110246, 0.573079, 0.128283], 
              [0.238482, 0.070174, 0.543025, 0.148319], 
              [0.352687, 0.0561487, 0.537014, 0.0541498], 
              [0.208427, 0.070174, 0.633187, 0.0882111], 
              [0.208427, 0.142304, 0.595119, 0.0541498], 
              [0.37072, 0.178369, 0.326636, 0.124276], 
              [0.206424, 0.0581523, 0.57909, 0.156334], 
              [0.184384, 0.116257, 0.605137, 0.0942219], 
              [0.288572, 0.0982245, 0.522989, 0.0902147], 
              [0.164348, 0.0641632, 0.703314, 0.068175], 
              [0.334655, 0.170354, 0.408783, 0.0862075], 
              [0.422813, 0.0761848, 0.302592, 0.198409], 
              [0.230467, 0.0621596, 0.609144, 0.0982291], 
              [0.234474, 0.0321055, 0.541022, 0.192399], 
              [0.262525, 0.00605858, 0.713332, 0.0180849], 
              [0.0301065, 0.0220874, 0.939739, 0.00806685], 
              [0.0260993, 0.0321055, 0.913692, 0.0281029], 
              [0.61516, 0.264524, 0.00806218, 0.112254], 
              [0.118265, 0.0160766, 0.817519, 0.048139], 
              [0.00806685, 0.024091, 0.937736, 0.0301065], 
              [0.500954, 4.77576e-05, 0.488928, 0.0100705], 
              [0.0561534, 0.024091, 0.87362, 0.0461354]
            ],
            "pvalue": "8.05e-8",
            "log_pvalue": -16.3353,
            "evalue": "4.27e-5",
            "log_evalue": -10.0605,
            "qvalue": "7.28e-6",
            "log_qvalue": -11.8303,
            "tp": 68,
            "fp": 24,
            "enr_ratio": 2.76,
            "score_thresh": 9.19577,
            "total_sites": 68,
            "site_distr": [
              0, 0, 0, 1, 0, 0, 0, 0, 0, 0, 1, 1, 0, 0, 0, 0, 0, 0, 0, 0, 0,
              0, 0, 0, 0, 0, 0, 0, 0, 1, 0, 0, 0, 0, 0, 0, 0, 0, 1, 1, 0, 0,
              0, 0, 0, 0, 0, 1, 0, 0, 0, 0, 0, 0, 0, 0, 0, 2, 0, 0, 0, 1, 0,
              0, 1, 0, 0, 0, 0, 0, 0, 0, 0, 0, 0, 1, 0, 0, 0, 0, 0, 0, 0, 0,
              0, 0, 0, 0, 1, 0, 0, 0, 0, 0, 0, 0, 0, 0, 0, 0, 0, 1, 0, 0, 0,
              0, 0, 0, 0, 0, 0, 0, 0, 0, 0, 0, 0, 1, 0, 0, 0, 0, 0, 0, 0, 1,
              0, 1, 0, 0, 0, 0, 0, 0, 0, 0, 0, 1, 1, 0, 0, 0, 0, 0, 0, 1, 1,
              0, 0, 0, 2, 0, 0, 0, 1, 0, 0, 0, 0, 0, 0, 1, 0, 0, 0, 0, 0, 0,
              0, 0, 0, 0, 0, 0, 0, 0, 0, 0, 0, 1, 0, 0, 0, 0, 0, 0, 0, 0, 1,
              0, 0, 1, 0, 0, 0, 0, 0, 0, 0, 0, 0, 0, 0, 0, 0, 0, 0, 0, 0, 0,
              0, 0, 0, 0, 0, 0, 0, 0, 1, 0, 1, 0, 0, 2, 0, 0, 0, 1, 0, 2, 0,
              0, 0, 0, 0, 0, 1, 1, 0, 1, 0, 0, 1, 0, 0, 0, 0, 0, 0, 0, 0, 0,
              0, 0, 0, 0, 0, 0, 0, 0, 0, 0, 0, 0, 1, 0, 0, 0, 0, 0, 0, 0, 1,
              1, 0, 1, 0, 0, 0, 0, 0, 0, 0, 0, 0, 0, 1, 0, 0, 0, 0, 0, 0, 1,
              0, 0, 0, 1, 0, 0, 0, 0, 0, 0, 0, 0, 1, 0, 0, 0, 1, 0, 0, 0, 0,
              0, 0, 0, 0, 1, 0, 0, 0, 0, 0, 0, 0, 1, 0, 0, 0, 0, 1, 0, 0, 0,
              0, 0, 1, 0, 0, 0, 0, 0, 0, 0, 0, 0, 0, 0, 0, 1, 0, 0, 0, 0, 0,
              0, 0, 0, 0, 0, 0, 0, 0, 0, 0, 0, 1, 0, 0, 0, 0, 0, 0, 0, 0, 0,
              0, 0, 0, 0, 0, 0, 1, 0, 0, 0, 1, 0, 0, 0, 1, 0, 0, 0, 0, 0, 0,
              0, 0, 1, 0, 2, 0, 0, 1, 0, 0, 0, 0, 0, 0, 0, 0, 0, 0, 1, 0, 1,
              0, 0, 0, 0, 0, 0, 0, 0, 0, 0, 0, 0, 0, 0, 0, 0, 0, 0, 0, 0, 0,
              0, 0, 0, 0, 0, 1, 0, 0, 0, 0, 0, 0, 0, 0, 0, 0, 0, 0, 0, 0, 0,
              1, 0, 0, 1, 0, 0, 0, 0, 0, 0, 0, 0, 0, 0, 0
            ],
            "max_sites": 24,
            "site_hist": [
              0, 21, 11, 3, 6, 3, 4, 7, 3, 2, 1, 0, 0, 0, 2, 0, 1, 1, 0, 0, 1,
              1, 0, 0, 1
            ]
          }, {
            "db": 0,
            "id": "MAZ_MOUSE.H11MO.0.A",
            "len": 22,
            "consensus": "GGGGGAGGGGGDGRGRRRGRRG",
            "motif_evalue": 0,
            "motif_nsites": 500,
            "url": "http://hocomoco.autosome.ru/motif/MAZ_MOUSE.H11MO.0.A",
            "pwm": [
              [0.216009, 0.144019, 0.503947, 0.136025], 
              [0.283996, 0.0240429, 0.651917, 0.0400443], 
              [0.301992, 0.0120453, 0.673913, 0.0120499], 
              [0.0820359, 0.0180441, 0.865874, 0.0340455], 
              [0.0520419, 0.112025, 0.825882, 0.0100503], 
              [0.647923, 0.0880301, 0.0260425, 0.238005], 
              [0.0540415, 0.0100457, 0.905866, 0.0300463], 
              [0.11403, 0.0200437, 0.851877, 0.0140495], 
              [0.265999, 0.0340409, 0.665914, 0.0340455], 
              [0.271998, 0.00804606, 0.679912, 0.0400443], 
              [0.11403, 0.202007, 0.655916, 0.0280467], 
              [0.317989, 0.134021, 0.331981, 0.216009], 
              [0.174018, 0.0400397, 0.697908, 0.0880347], 
              [0.333986, 0.0540369, 0.553937, 0.0580407], 
              [0.190014, 0.120024, 0.647918, 0.0420439], 
              [0.365979, 0.0780321, 0.511945, 0.0440435], 
              [0.299992, 0.0720333, 0.569934, 0.0580407], 
              [0.329986, 0.134021, 0.455956, 0.0800363], 
              [0.26, 0.0620353, 0.555936, 0.122028], 
              [0.273998, 0.204007, 0.445958, 0.0760371], 
              [0.355981, 0.106026, 0.429962, 0.108031], 
              [0.273998, 0.0980281, 0.561935, 0.0660391]
            ],
            "pvalue": "1.11e-7",
            "log_pvalue": -16.0182,
            "evalue": "5.87e-5",
            "log_evalue": -9.74342,
            "qvalue": "7.28e-6",
            "log_qvalue": -11.8303,
            "tp": 82,
            "fp": 35,
            "enr_ratio": 2.30556,
            "score_thresh": 8.79802,
            "total_sites": 82,
            "site_distr": [
              0, 2, 1, 0, 0, 0, 0, 0, 0, 1, 0, 0, 1, 0, 1, 0, 0, 0, 1, 0, 0,
              0, 0, 0, 0, 0, 0, 0, 0, 0, 0, 0, 0, 0, 1, 0, 0, 0, 0, 0, 0, 0,
              0, 1, 1, 0, 0, 0, 0, 0, 2, 0, 0, 0, 0, 0, 0, 0, 0, 0, 0, 0, 0,
              0, 0, 3, 0, 0, 0, 0, 0, 0, 0, 0, 0, 0, 0, 0, 0, 0, 0, 0, 0, 0,
              0, 0, 0, 0, 1, 1, 0, 0, 0, 0, 1, 0, 1, 0, 0, 0, 0, 0, 0, 0, 0,
              0, 0, 0, 0, 0, 0, 0, 0, 0, 0, 1, 1, 1, 0, 1, 0, 0, 0, 0, 0, 0,
              1, 0, 0, 0, 1, 0, 0, 2, 0, 0, 0, 1, 0, 0, 0, 0, 0, 0, 0, 0, 0,
              0, 0, 0, 0, 1, 0, 0, 0, 0, 0, 0, 0, 0, 0, 0, 0, 0, 1, 0, 0, 0,
              0, 0, 0, 0, 0, 0, 0, 0, 0, 0, 0, 0, 0, 0, 0, 1, 0, 0, 1, 0, 1,
              0, 0, 0, 0, 0, 0, 0, 0, 2, 0, 0, 0, 1, 0, 0, 0, 0, 0, 0, 0, 0,
              0, 0, 0, 0, 0, 0, 1, 1, 0, 0, 0, 0, 0, 1, 0, 1, 0, 0, 0, 0, 0,
              0, 0, 1, 0, 0, 0, 0, 1, 0, 0, 0, 0, 0, 0, 0, 0, 0, 0, 0, 0, 0,
              0, 0, 0, 1, 1, 0, 0, 1, 0, 0, 0, 0, 0, 0, 0, 0, 0, 0, 0, 0, 1,
              0, 0, 0, 0, 0, 0, 1, 0, 0, 0, 0, 0, 0, 0, 0, 1, 0, 0, 0, 0, 0,
              0, 0, 1, 1, 0, 0, 0, 0, 0, 0, 1, 0, 0, 0, 0, 0, 2, 0, 1, 0, 0,
              0, 0, 0, 0, 0, 0, 0, 0, 0, 0, 1, 0, 0, 0, 0, 0, 2, 0, 0, 0, 0,
              0, 0, 0, 0, 0, 0, 0, 0, 1, 1, 1, 0, 0, 0, 0, 0, 0, 0, 0, 0, 1,
              0, 0, 0, 0, 0, 0, 0, 0, 0, 0, 0, 0, 0, 0, 1, 0, 0, 0, 0, 0, 1,
              0, 0, 0, 0, 1, 0, 0, 1, 0, 0, 0, 0, 0, 1, 0, 1, 0, 1, 0, 0, 0,
              0, 0, 0, 0, 1, 1, 0, 0, 0, 0, 1, 2, 0, 0, 0, 0, 0, 0, 0, 0, 0,
              0, 0, 0, 0, 0, 2, 0, 0, 0, 0, 0, 0, 0, 0, 0, 0, 0, 0, 0, 0, 0,
              0, 0, 0, 0, 0, 0, 0, 0, 0, 0, 0, 1, 0, 0, 0, 0, 0, 0, 0, 0, 0,
              1, 1, 0, 1, 0, 0, 0, 0, 0, 0, 0, 0, 0, 0, 0, 0, 1
            ],
            "max_sites": 44,
            "site_hist": [
              0, 23, 9, 8, 14, 1, 1, 2, 3, 3, 1, 4, 2, 2, 1, 0, 1, 1, 1, 0, 0,
              0, 0, 0, 0, 1, 0, 1, 1, 0, 0, 0, 0, 0, 0, 0, 0, 0, 0, 0, 0, 0,
              0, 1, 1
            ]
          }, {
            "db": 0,
            "id": "IRF3_MOUSE.H11MO.0.A",
            "len": 20,
            "consensus": "RAAARGGAAAVDGAAASDGA",
            "motif_evalue": 0,
            "motif_nsites": 500,
            "url": "http://hocomoco.autosome.ru/motif/IRF3_MOUSE.H11MO.0.A",
            "pwm": [
              [0.299992, 0.0780321, 0.513945, 0.108031], 
              [0.603932, 0.0440389, 0.299988, 0.0520419], 
              [0.677917, 0.0660345, 0.214005, 0.0420439], 
              [0.719908, 0.0740329, 0.110026, 0.0960331], 
              [0.305991, 0.108026, 0.455956, 0.130026], 
              [0.224008, 0.0540369, 0.557936, 0.16402], 
              [0.202012, 0.0540369, 0.731901, 0.0120499], 
              [0.819888, 0.0180441, 0.148018, 0.0140495], 
              [0.815889, 0.0360405, 0.126022, 0.0220479], 
              [0.899872, 0.0160445, 0.0300417, 0.0540415], 
              [0.224008, 0.261995, 0.445958, 0.0680387], 
              [0.291994, 0.0880301, 0.401967, 0.218009], 
              [0.200012, 0.00604646, 0.783891, 0.0100503], 
              [0.673918, 0.0240429, 0.28999, 0.0120499], 
              [0.879876, 0.0360405, 0.0720333, 0.0120499], 
              [0.941864, 0.00404686, 0.0400397, 0.0140495], 
              [0.0960331, 0.313985, 0.547938, 0.0420439], 
              [0.265999, 0.142019, 0.273993, 0.317989], 
              [0.228007, 0.122023, 0.58593, 0.0640395], 
              [0.681916, 0.0700337, 0.178012, 0.0700383]
            ],
            "pvalue": "1.28e-7",
            "log_pvalue": -15.8715,
            "evalue": "6.80e-5",
            "log_evalue": -9.59673,
            "qvalue": "7.28e-6",
            "log_qvalue": -11.8303,
            "tp": 105,
            "fp": 55,
            "enr_ratio": 1.89286,
            "score_thresh": 7.40474,
            "total_sites": 105,
            "site_distr": [
              1, 0, 0, 0, 0, 0, 1, 0, 0, 0, 0, 0, 1, 0, 1, 0, 0, 0, 0, 0, 0,
              1, 1, 0, 2, 0, 2, 0, 0, 0, 0, 1, 0, 0, 0, 0, 0, 0, 0, 0, 0, 1,
              0, 0, 1, 0, 0, 1, 0, 0, 0, 1, 0, 0, 1, 0, 0, 0, 0, 1, 0, 1, 0,
              0, 0, 0, 0, 0, 0, 0, 0, 0, 2, 0, 0, 0, 0, 0, 0, 0, 0, 0, 1, 0,
              0, 0, 0, 0, 0, 0, 0, 0, 0, 1, 1, 0, 0, 0, 0, 0, 1, 0, 0, 2, 0,
              1, 0, 2, 0, 0, 0, 0, 1, 0, 0, 2, 1, 0, 1, 0, 0, 0, 0, 0, 0, 0,
              0, 0, 1, 0, 0, 0, 0, 1, 0, 0, 0, 1, 1, 1, 0, 0, 0, 0, 0, 1, 0,
              0, 1, 0, 0, 1, 1, 0, 0, 0, 0, 0, 0, 0, 0, 1, 0, 0, 0, 0, 0, 0,
              0, 1, 0, 0, 0, 0, 0, 0, 0, 0, 0, 1, 1, 0, 0, 0, 1, 0, 0, 0, 0,
              0, 0, 1, 0, 0, 0, 0, 0, 0, 0, 0, 0, 0, 0, 2, 0, 1, 0, 0, 0, 0,
              0, 0, 0, 0, 0, 0, 0, 0, 0, 0, 0, 0, 0, 0, 0, 0, 0, 0, 0, 1, 1,
              0, 0, 0, 0, 0, 0, 0, 0, 0, 0, 0, 0, 0, 0, 0, 0, 0, 0, 0, 0, 0,
              0, 1, 0, 0, 0, 0, 0, 1, 0, 0, 0, 0, 0, 1, 0, 0, 0, 0, 0, 0, 1,
              0, 0, 0, 1, 0, 0, 0, 0, 0, 0, 0, 1, 0, 0, 0, 0, 0, 0, 0, 0, 0,
              0, 0, 0, 0, 1, 0, 0, 0, 0, 0, 0, 1, 0, 0, 1, 0, 0, 0, 0, 0, 0,
              0, 1, 0, 0, 0, 0, 0, 1, 0, 0, 0, 0, 0, 0, 0, 0, 1, 0, 0, 0, 1,
              0, 1, 0, 1, 0, 0, 0, 0, 2, 0, 0, 0, 0, 0, 0, 0, 1, 0, 0, 0, 1,
              0, 1, 0, 0, 1, 0, 0, 0, 0, 0, 0, 0, 0, 0, 0, 0, 0, 0, 0, 0, 0,
              0, 0, 0, 0, 0, 1, 1, 0, 1, 0, 1, 0, 0, 0, 0, 1, 1, 0, 0, 0, 0,
              0, 0, 0, 0, 0, 0, 0, 1, 0, 0, 1, 0, 0, 0, 1, 0, 2, 0, 0, 0, 1,
              0, 0, 1, 0, 0, 1, 0, 1, 0, 0, 0, 0, 1, 0, 0, 1, 0, 2, 0, 1, 1,
              1, 0, 0, 0, 0, 0, 1, 0, 0, 0, 0, 0, 0, 0, 0, 1, 0, 1, 1, 0, 0,
              0, 0, 0, 1, 0, 0, 0, 0, 0, 0, 0, 0, 0, 0, 0, 0, 1, 1, 0
            ],
            "max_sites": 22,
            "site_hist": [
              0, 44, 30, 9, 7, 2, 1, 2, 2, 1, 0, 0, 1, 1, 1, 0, 0, 1, 0, 1, 0,
              1, 1
            ]
          }, {
            "db": 0,
            "id": "HNF4G_MOUSE.H11MO.0.C",
            "len": 14,
            "consensus": "VRGKBCAAAGKYCA",
            "motif_evalue": 0,
            "motif_nsites": 500,
            "url": "http://hocomoco.autosome.ru/motif/HNF4G_MOUSE.H11MO.0.C",
            "pwm": [
              [0.281996, 0.253997, 0.353977, 0.11003], 
              [0.455961, 0.0320413, 0.397968, 0.11403], 
              [0.0720379, 0.0180441, 0.847878, 0.0620399], 
              [0.182016, 0.0700337, 0.325982, 0.421968], 
              [0.150022, 0.307986, 0.277992, 0.264], 
              [0.00805072, 0.925862, 0.0100457, 0.0560411], 
              [0.949862, 0.0220433, 0.0160445, 0.0120499], 
              [0.845883, 0.00804606, 0.144019, 0.00205192], 
              [0.921868, 4.76621e-05, 0.0680341, 0.0100503], 
              [0.00805072, 0.00604646, 0.967854, 0.0180487], 
              [0.0160491, 0.00804606, 0.381971, 0.593934], 
              [0.0420439, 0.495948, 0.128022, 0.333986], 
              [0.0180487, 0.83588, 0.0160445, 0.130026], 
              [0.701912, 0.0640349, 0.130022, 0.104032]
            ],
            "pvalue": "1.56e-7",
            "log_pvalue": -15.6749,
            "evalue": "8.27e-5",
            "log_evalue": -9.40019,
            "qvalue": "7.39e-6",
            "log_qvalue": -11.816,
            "tp": 98,
            "fp": 49,
            "enr_ratio": 1.98,
            "score_thresh": 8.11236,
            "total_sites": 98,
            "site_distr": [
              0, 0, 0, 0, 0, 1, 0, 0, 0, 0, 0, 0, 0, 0, 0, 0, 0, 0, 0, 0, 0,
              0, 0, 0, 0, 0, 0, 0, 0, 0, 0, 0, 0, 1, 0, 0, 0, 0, 0, 0, 0, 1,
              0, 0, 0, 0, 0, 0, 0, 0, 0, 0, 0, 0, 0, 0, 1, 1, 0, 0, 0, 1, 0,
              0, 0, 0, 0, 0, 0, 0, 0, 0, 0, 0, 0, 0, 1, 0, 0, 0, 0, 0, 1, 0,
              0, 0, 0, 0, 0, 0, 0, 0, 0, 0, 0, 0, 0, 0, 0, 0, 0, 0, 0, 0, 0,
              0, 0, 0, 0, 0, 0, 0, 0, 0, 0, 0, 0, 0, 0, 0, 0, 0, 1, 0, 0, 1,
              0, 0, 0, 0, 0, 0, 0, 0, 0, 0, 0, 0, 0, 0, 0, 1, 0, 1, 0, 0, 0,
              0, 0, 0, 0, 0, 0, 0, 0, 1, 0, 0, 1, 0, 0, 2, 0, 0, 0, 0, 0, 0,
              0, 1, 1, 0, 1, 1, 0, 0, 0, 1, 0, 1, 0, 0, 0, 0, 0, 1, 0, 0, 0,
              0, 1, 0, 0, 0, 1, 0, 0, 1, 1, 0, 0, 0, 0, 0, 1, 1, 0, 1, 0, 3,
              0, 2, 0, 0, 0, 0, 2, 0, 0, 0, 0, 0, 1, 1, 1, 1, 1, 2, 1, 0, 1,
              0, 0, 1, 0, 0, 2, 0, 2, 0, 0, 0, 1, 0, 0, 1, 0, 1, 0, 1, 2, 1,
              1, 1, 0, 0, 1, 1, 0, 0, 0, 0, 0, 0, 2, 0, 1, 0, 1, 0, 0, 1, 1,
              0, 0, 1, 1, 0, 1, 0, 1, 0, 0, 0, 0, 0, 0, 0, 0, 0, 0, 1, 1, 0,
              0, 0, 0, 0, 0, 0, 0, 0, 0, 0, 0, 1, 0, 0, 0, 1, 1, 1, 0, 0, 0,
              0, 0, 0, 1, 1, 0, 0, 0, 0, 0, 0, 0, 0, 0, 0, 0, 1, 0, 0, 0, 0,
              0, 1, 0, 0, 0, 0, 0, 0, 0, 0, 0, 0, 0, 0, 0, 1, 1, 0, 0, 0, 0,
              0, 0, 0, 0, 0, 0, 0, 0, 0, 0, 1, 0, 0, 0, 1, 0, 0, 0, 0, 0, 0,
              1, 0, 0, 0, 0, 0, 1, 0, 0, 0, 0, 0, 0, 0, 0, 1, 0, 0, 0, 0, 0,
              0, 0, 0, 0, 0, 0, 0, 0, 0, 0, 0, 0, 0, 0, 0, 0, 1, 0, 0, 0, 0,
              1, 1, 0, 0, 0, 1, 0, 0, 0, 0, 0, 0, 0, 0, 0, 0, 0, 1, 0, 0, 0,
              0, 0, 0, 0, 0, 0, 0, 0, 0, 0, 0, 0, 0, 0, 0, 0, 0, 0, 0, 0, 0,
              0, 0, 0, 0, 0, 0, 0, 0, 0, 0, 0, 1, 0, 0, 0, 0, 1, 1, 0, 0, 0,
              0, 0, 0, 1
            ],
            "max_sites": 3,
            "site_hist": [0, 70, 20, 8]
          }, {
            "db": 0,
            "id": "COT1_MOUSE.H11MO.1.C",
            "len": 12,
            "consensus": "GKBCAAAGGTCA",
            "motif_evalue": 0,
            "motif_nsites": 82,
            "url": "http://hocomoco.autosome.ru/motif/COT1_MOUSE.H11MO.1.C",
            "pwm": [
              [0.0853934, 0.117522, 0.712202, 0.084883], 
              [0.0930498, 0.075667, 0.489467, 0.341816], 
              [0.111592, 0.229483, 0.246671, 0.412255], 
              [0.102404, 0.699274, 0.0625624, 0.135759], 
              [0.758346, 0.0758335, 0.0462288, 0.119592], 
              [0.608957, 0.0523539, 0.255681, 0.0830079], 
              [0.72448, 0.000290326, 0.264702, 0.0105272], 
              [0.0176732, 0.000290326, 0.981718, 0.000318687], 
              [0.0197149, 0.0452079, 0.65145, 0.283627], 
              [0.0391111, 0.0787295, 0.0288742, 0.853285], 
              [0.00950637, 0.866017, 0.0671563, 0.0573199], 
              [0.814914, 0.100256, 0.0454631, 0.0393664]
            ],
            "pvalue": "2.78e-7",
            "log_pvalue": -15.0954,
            "evalue": "1.48e-4",
            "log_evalue": -8.82067,
            "qvalue": "1.13e-5",
            "log_qvalue": -11.3907,
            "tp": 54,
            "fp": 16,
            "enr_ratio": 3.23529,
            "score_thresh": 9.93696,
            "total_sites": 54,
            "site_distr": [
              0, 0, 0, 0, 0, 0, 0, 0, 0, 0, 0, 0, 0, 0, 0, 0, 0, 0, 0, 0, 0,
              0, 0, 0, 0, 0, 0, 0, 0, 0, 0, 0, 0, 0, 0, 0, 0, 0, 0, 0, 1, 0,
              0, 0, 0, 0, 0, 0, 0, 0, 0, 0, 0, 0, 0, 0, 0, 0, 0, 0, 1, 0, 0,
              0, 0, 0, 0, 0, 0, 0, 0, 0, 0, 0, 0, 0, 0, 0, 0, 1, 0, 0, 1, 1,
              0, 0, 0, 0, 0, 0, 0, 0, 0, 0, 0, 0, 0, 0, 0, 0, 0, 0, 0, 0, 0,
              0, 0, 0, 0, 0, 0, 0, 0, 0, 0, 0, 0, 0, 0, 1, 0, 0, 0, 0, 0, 0,
              0, 0, 0, 0, 0, 0, 1, 0, 0, 0, 0, 0, 0, 0, 0, 0, 0, 1, 0, 1, 0,
              0, 0, 0, 1, 0, 0, 0, 0, 0, 0, 0, 1, 0, 0, 0, 0, 0, 0, 0, 0, 0,
              0, 0, 0, 0, 0, 0, 1, 1, 0, 0, 0, 0, 0, 0, 0, 0, 0, 2, 0, 0, 1,
              0, 1, 0, 0, 0, 0, 0, 0, 0, 0, 1, 0, 0, 0, 0, 0, 0, 1, 0, 0, 0,
              0, 0, 0, 1, 1, 0, 1, 0, 0, 0, 0, 0, 0, 0, 0, 0, 2, 0, 1, 0, 0,
              0, 1, 0, 1, 0, 1, 0, 1, 0, 0, 0, 0, 0, 0, 0, 0, 1, 0, 0, 0, 0,
              0, 0, 0, 0, 0, 0, 0, 3, 0, 0, 0, 0, 0, 0, 1, 0, 1, 0, 0, 0, 0,
              0, 0, 0, 0, 0, 0, 0, 0, 0, 0, 1, 0, 0, 0, 0, 0, 0, 0, 0, 1, 1,
              0, 0, 0, 0, 0, 0, 0, 1, 0, 0, 0, 0, 0, 1, 0, 0, 0, 0, 1, 0, 0,
              0, 0, 0, 0, 0, 1, 0, 0, 0, 0, 1, 0, 0, 0, 0, 1, 0, 0, 0, 0, 0,
              0, 0, 0, 0, 0, 0, 1, 0, 0, 0, 0, 0, 0, 0, 0, 0, 0, 0, 1, 0, 0,
              0, 0, 0, 0, 0, 0, 0, 0, 0, 0, 0, 0, 0, 0, 0, 0, 0, 0, 0, 0, 0,
              1, 0, 0, 0, 0, 0, 0, 0, 1, 0, 1, 0, 0, 0, 0, 1, 0, 0, 0, 0, 0,
              0, 0, 0, 0, 0, 0, 0, 0, 0, 0, 0, 0, 0, 0, 0, 0, 0, 0, 0, 0, 0,
              0, 0, 0, 0, 0, 1, 0, 0, 0, 0, 0, 0, 0, 0, 0, 0, 0, 0, 0, 0, 0,
              0, 0, 0, 0, 0, 0, 0, 0, 0, 0, 0, 0, 0, 0, 0, 0, 0, 0, 0, 0, 0,
              1, 0, 0, 0, 0, 0, 0, 0, 0, 0, 0, 1, 0, 0, 0, 0, 0, 0, 0, 0, 0,
              0, 0, 0, 0, 0, 1
            ],
            "max_sites": 3,
            "site_hist": [0, 49, 3, 2]
          }, {
            "db": 0,
            "id": "RXRA_MOUSE.H11MO.0.A",
            "len": 21,
            "consensus": "RRGRKSRDRAGKTCAAGGYCA",
            "motif_evalue": 0,
            "motif_nsites": 499,
            "url": "http://hocomoco.autosome.ru/motif/RXRA_MOUSE.H11MO.0.A",
            "pwm": [
              [0.396767, 0.0761848, 0.38474, 0.142308], 
              [0.240485, 0.110246, 0.448856, 0.200413], 
              [0.202417, 0.156329, 0.533007, 0.108247], 
              [0.310611, 0.136293, 0.380733, 0.172363], 
              [0.130287, 0.206419, 0.224452, 0.438842], 
              [0.178373, 0.422809, 0.23447, 0.164348], 
              [0.418806, 0.192394, 0.248495, 0.140305], 
              [0.308608, 0.142304, 0.358693, 0.190395], 
              [0.394763, 0.0882064, 0.494939, 0.0220921], 
              [0.821531, 0.0220874, 0.146311, 0.0100705], 
              [0.0561534, 0.00806218, 0.905678, 0.0301065], 
              [0.0180849, 0.0481343, 0.390751, 0.54303], 
              [0.0301065, 0.0581523, 0.0541451, 0.857596], 
              [0.0100705, 0.911689, 0.0681704, 0.0100705], 
              [0.90969, 0.024091, 0.0381163, 0.0281029], 
              [0.773445, 0.0501379, 0.126275, 0.0501426], 
              [0.106244, 0.0220874, 0.835552, 0.0361173], 
              [0.0601606, 0.0280982, 0.857591, 0.0541498], 
              [0.0801967, 0.264524, 0.130282, 0.524997], 
              [0.0341137, 0.741382, 0.102232, 0.122272], 
              [0.701315, 0.0581523, 0.128279, 0.112254]
            ],
            "pvalue": "3.38e-7",
            "log_pvalue": -14.8997,
            "evalue": "1.80e-4",
            "log_evalue": -8.62497,
            "qvalue": "1.20e-5",
            "log_qvalue": -11.3285,
            "tp": 101,
            "fp": 53,
            "enr_ratio": 1.88889,
            "score_thresh": 6.58513,
            "total_sites": 101,
            "site_distr": [
              0, 0, 0, 0, 0, 0, 0, 0, 0, 0, 0, 0, 2, 0, 1, 0, 0, 1, 0, 0, 0,
              0, 0, 0, 0, 0, 0, 1, 0, 1, 0, 0, 0, 0, 0, 1, 0, 0, 0, 0, 0, 0,
              0, 0, 0, 0, 0, 0, 0, 0, 0, 1, 0, 1, 1, 0, 0, 0, 0, 0, 0, 1, 0,
              1, 0, 0, 0, 0, 0, 0, 0, 0, 0, 0, 1, 0, 0, 0, 0, 1, 1, 0, 0, 0,
              0, 0, 0, 0, 0, 0, 0, 0, 0, 0, 0, 0, 0, 0, 0, 0, 0, 0, 0, 0, 0,
              0, 0, 2, 0, 0, 0, 0, 0, 0, 0, 0, 0, 1, 0, 0, 0, 0, 0, 1, 0, 0,
              0, 1, 0, 0, 0, 0, 0, 0, 1, 0, 2, 1, 0, 0, 0, 0, 0, 0, 0, 0, 0,
              1, 0, 0, 0, 0, 0, 0, 0, 1, 0, 0, 0, 0, 0, 0, 0, 0, 2, 0, 0, 1,
              0, 0, 0, 0, 1, 0, 0, 0, 0, 0, 0, 0, 0, 0, 0, 1, 0, 0, 0, 0, 0,
              0, 0, 0, 0, 0, 0, 0, 0, 0, 0, 1, 0, 1, 0, 0, 0, 0, 0, 0, 1, 0,
              1, 0, 1, 0, 0, 0, 1, 0, 1, 0, 0, 2, 0, 1, 1, 0, 0, 1, 0, 0, 1,
              2, 0, 1, 0, 1, 0, 1, 0, 0, 0, 0, 0, 0, 0, 0, 0, 0, 0, 1, 0, 0,
              0, 0, 0, 1, 1, 0, 0, 1, 1, 0, 0, 0, 0, 0, 0, 2, 0, 0, 0, 1, 2,
              0, 0, 1, 0, 0, 1, 0, 0, 0, 0, 0, 1, 0, 0, 0, 0, 1, 0, 1, 0, 0,
              1, 0, 1, 0, 0, 1, 0, 0, 0, 0, 0, 0, 0, 0, 0, 1, 1, 0, 1, 0, 0,
              0, 1, 0, 0, 0, 0, 0, 0, 0, 0, 0, 0, 0, 0, 0, 0, 1, 0, 0, 0, 0,
              2, 1, 1, 0, 0, 0, 0, 0, 0, 0, 0, 0, 1, 0, 0, 0, 0, 0, 0, 0, 0,
              0, 0, 0, 1, 0, 0, 1, 0, 0, 0, 0, 0, 0, 0, 0, 0, 0, 0, 0, 0, 0,
              0, 0, 1, 1, 1, 0, 0, 0, 0, 0, 0, 0, 0, 0, 0, 0, 0, 0, 0, 0, 0,
              0, 1, 1, 0, 0, 0, 0, 0, 0, 0, 0, 0, 0, 0, 0, 0, 0, 0, 0, 1, 0,
              0, 0, 3, 0, 0, 0, 1, 0, 0, 0, 0, 0, 0, 0, 0, 0, 0, 0, 1, 0, 1,
              0, 1, 0, 0, 0, 0, 0, 0, 0, 0, 0, 0, 1, 1, 0, 0, 0, 0, 2, 1, 1,
              0, 0, 1, 0, 0, 0, 0, 0, 0, 0, 0, 0, 0, 0, 0, 1, 1, 0
            ],
            "max_sites": 4,
            "site_hist": [0, 62, 32, 5, 2]
          }, {
            "db": 0,
            "id": "HNF4A_MOUSE.H11MO.0.A",
            "len": 14,
            "consensus": "VRGKYCAAAGTCCA",
            "motif_evalue": 0,
            "motif_nsites": 500,
            "url": "http://hocomoco.autosome.ru/motif/HNF4A_MOUSE.H11MO.0.A",
            "pwm": [
              [0.345983, 0.18801, 0.331981, 0.134026], 
              [0.435965, 0.0300417, 0.38997, 0.144024], 
              [0.130026, 0.0340409, 0.749898, 0.0860351], 
              [0.124028, 0.0540369, 0.413965, 0.407971], 
              [0.108031, 0.43996, 0.212005, 0.240004], 
              [0.0240475, 0.911865, 0.00204726, 0.0620399], 
              [0.953862, 0.0120453, 0.0260425, 0.00805072], 
              [0.803892, 0.00604646, 0.164015, 0.0260471], 
              [0.879876, 0.00204726, 0.104027, 0.0140495], 
              [0.00205192, 0.00604646, 0.981851, 0.0100503], 
              [0.0220479, 0.00604646, 0.142019, 0.829886], 
              [0.0140495, 0.68591, 0.0920293, 0.208011], 
              [0.00805072, 0.88987, 0.0100457, 0.0920339], 
              [0.739904, 0.0420393, 0.110026, 0.108031]
            ],
            "pvalue": "4.25e-7",
            "log_pvalue": -14.6712,
            "evalue": "2.26e-4",
            "log_evalue": -8.39647,
            "qvalue": "1.34e-5",
            "log_qvalue": -11.2178,
            "tp": 65,
            "fp": 24,
            "enr_ratio": 2.64,
            "score_thresh": 9.55898,
            "total_sites": 65,
            "site_distr": [
              0, 0, 0, 0, 0, 0, 0, 0, 0, 0, 0, 0, 0, 0, 0, 0, 0, 0, 0, 0, 0,
              0, 0, 0, 0, 0, 0, 0, 0, 0, 0, 0, 0, 1, 0, 0, 0, 0, 0, 0, 0, 1,
              0, 0, 0, 0, 0, 0, 0, 0, 0, 0, 0, 0, 0, 0, 1, 1, 0, 0, 0, 0, 0,
              0, 0, 0, 0, 0, 0, 0, 0, 0, 0, 0, 0, 0, 0, 0, 0, 0, 0, 0, 1, 0,
              0, 0, 0, 0, 0, 0, 0, 0, 0, 0, 0, 0, 0, 0, 0, 0, 0, 0, 0, 0, 0,
              0, 0, 0, 0, 0, 0, 0, 0, 0, 0, 0, 0, 0, 0, 0, 0, 0, 0, 0, 0, 0,
              0, 0, 0, 0, 0, 0, 0, 0, 0, 0, 0, 0, 0, 0, 0, 1, 0, 0, 0, 0, 0,
              0, 0, 0, 0, 0, 0, 0, 0, 1, 0, 0, 1, 0, 0, 0, 0, 0, 0, 0, 0, 0,
              0, 0, 1, 0, 1, 0, 0, 0, 0, 0, 0, 0, 0, 0, 0, 1, 0, 1, 1, 0, 0,
              1, 1, 0, 0, 0, 1, 0, 0, 1, 1, 0, 0, 0, 0, 0, 0, 0, 0, 0, 0, 3,
              1, 1, 0, 0, 0, 0, 2, 0, 0, 0, 0, 0, 1, 1, 0, 0, 1, 0, 1, 0, 1,
              0, 0, 1, 0, 0, 1, 0, 1, 0, 0, 0, 1, 0, 0, 1, 0, 0, 0, 1, 2, 0,
              1, 1, 0, 0, 1, 1, 0, 0, 0, 0, 0, 0, 1, 0, 0, 0, 1, 0, 0, 0, 0,
              0, 0, 1, 1, 0, 0, 0, 1, 0, 0, 0, 0, 0, 0, 0, 0, 0, 0, 0, 1, 0,
              0, 0, 0, 0, 0, 0, 0, 0, 0, 0, 0, 1, 0, 0, 0, 1, 0, 0, 0, 0, 0,
              0, 0, 0, 0, 1, 1, 0, 0, 0, 0, 0, 0, 0, 0, 0, 0, 0, 0, 0, 1, 0,
              0, 0, 0, 0, 0, 0, 0, 0, 0, 0, 0, 0, 0, 0, 0, 1, 1, 0, 1, 1, 0,
              0, 0, 0, 0, 0, 0, 0, 0, 0, 0, 1, 0, 0, 0, 0, 0, 0, 0, 0, 0, 0,
              1, 0, 0, 0, 0, 0, 1, 0, 0, 0, 0, 0, 0, 0, 0, 0, 0, 0, 0, 0, 0,
              0, 0, 0, 0, 0, 0, 0, 0, 0, 0, 0, 0, 0, 0, 0, 0, 1, 0, 0, 0, 0,
              1, 1, 0, 0, 0, 0, 0, 0, 0, 0, 0, 0, 0, 0, 0, 0, 0, 0, 0, 0, 0,
              0, 0, 0, 0, 0, 0, 0, 0, 0, 0, 0, 0, 0, 0, 0, 0, 0, 0, 0, 0, 0,
              0, 0, 0, 0, 0, 0, 0, 0, 0, 0, 0, 0, 0, 0, 0, 0, 0, 1, 0, 0, 0,
              0, 0, 0, 1
            ],
            "max_sites": 3,
            "site_hist": [0, 55, 7, 3]
          }, {
            "db": 0,
            "id": "NR2C2_MOUSE.H11MO.0.A",
            "len": 13,
            "consensus": "RGGTCARAGGTCA",
            "motif_evalue": 0,
            "motif_nsites": 2058,
            "url": "http://hocomoco.autosome.ru/motif/NR2C2_MOUSE.H11MO.0.A",
            "pwm": [
              [0.479285, 0.0843445, 0.387651, 0.0487192], 
              [0.198441, 0.0429493, 0.686999, 0.0716103], 
              [0.0973379, 0.11972, 0.700556, 0.0823863], 
              [0.101488, 0.103839, 0.223794, 0.570879], 
              [0.123277, 0.643532, 0.162735, 0.0704557], 
              [0.811352, 0.0508782, 0.128616, 0.00915369], 
              [0.567921, 0.0591265, 0.360782, 0.0121706], 
              [0.857347, 0.00407554, 0.106251, 0.0323262], 
              [0.0482573, 0.0131872, 0.888578, 0.0499774], 
              [0.0301887, 0.0405474, 0.814304, 0.11496], 
              [0.0619822, 0.1069, 0.215045, 0.616073], 
              [0.141144, 0.719745, 0.1005, 0.0386109], 
              [0.792522, 0.0325001, 0.122373, 0.0526053]
            ],
            "pvalue": "6.04e-7",
            "log_pvalue": -14.3199,
            "evalue": "3.21e-4",
            "log_evalue": -8.04513,
            "qvalue": "1.72e-5",
            "log_qvalue": -10.9718,
            "tp": 141,
            "fp": 95,
            "enr_ratio": 1.47917,
            "score_thresh": 6.98534,
            "total_sites": 141,
            "site_distr": [
              0, 0, 0, 0, 0, 0, 0, 0, 0, 0, 0, 0, 0, 0, 0, 0, 0, 0, 0, 1, 0,
              0, 0, 0, 0, 0, 0, 0, 0, 0, 0, 1, 0, 0, 0, 0, 0, 0, 0, 1, 1, 0,
              0, 0, 0, 0, 0, 0, 1, 1, 0, 1, 0, 0, 1, 0, 0, 1, 0, 0, 0, 2, 0,
              0, 0, 1, 0, 0, 0, 0, 0, 1, 0, 1, 0, 0, 0, 0, 1, 1, 0, 2, 2, 0,
              0, 0, 0, 0, 0, 0, 0, 0, 0, 0, 0, 0, 0, 0, 0, 0, 0, 0, 0, 0, 0,
              0, 0, 0, 0, 0, 0, 0, 0, 1, 0, 0, 0, 0, 1, 0, 1, 0, 0, 0, 0, 0,
              0, 0, 0, 0, 0, 0, 0, 0, 0, 0, 1, 0, 1, 0, 0, 0, 0, 0, 1, 0, 0,
              0, 0, 0, 0, 0, 0, 0, 0, 0, 0, 1, 2, 0, 0, 1, 0, 1, 0, 0, 0, 0,
              0, 0, 2, 1, 0, 1, 1, 0, 2, 1, 0, 1, 1, 0, 0, 1, 1, 1, 0, 0, 0,
              0, 1, 0, 0, 1, 0, 1, 0, 1, 1, 0, 0, 1, 0, 0, 0, 1, 0, 0, 0, 1,
              0, 0, 0, 1, 1, 0, 1, 1, 0, 0, 1, 0, 0, 0, 0, 2, 1, 0, 2, 0, 1,
              0, 0, 0, 0, 0, 0, 1, 1, 0, 0, 0, 1, 0, 0, 0, 1, 0, 0, 2, 0, 1,
              0, 2, 0, 0, 0, 1, 2, 1, 0, 0, 0, 0, 1, 2, 0, 0, 2, 0, 1, 0, 1,
              0, 0, 0, 1, 0, 1, 0, 0, 1, 2, 0, 0, 1, 0, 0, 0, 0, 0, 0, 1, 0,
              0, 0, 0, 0, 0, 0, 0, 2, 0, 1, 1, 2, 0, 1, 0, 0, 0, 1, 0, 0, 0,
              0, 0, 0, 2, 1, 0, 0, 0, 0, 0, 1, 0, 0, 0, 0, 0, 1, 0, 0, 1, 1,
              1, 0, 0, 0, 0, 0, 0, 0, 0, 0, 0, 0, 1, 0, 0, 0, 1, 0, 0, 0, 0,
              2, 0, 1, 0, 0, 0, 0, 0, 1, 0, 0, 0, 0, 0, 1, 0, 0, 0, 1, 0, 0,
              1, 0, 0, 1, 0, 0, 0, 1, 0, 0, 0, 0, 1, 0, 0, 2, 0, 0, 1, 0, 1,
              0, 1, 0, 0, 0, 0, 0, 0, 1, 0, 1, 0, 0, 0, 0, 0, 0, 0, 0, 0, 0,
              0, 0, 0, 0, 0, 1, 0, 0, 0, 0, 1, 0, 1, 0, 1, 0, 0, 0, 1, 0, 0,
              0, 0, 0, 0, 0, 0, 0, 0, 0, 0, 1, 0, 0, 0, 0, 0, 0, 0, 0, 1, 0,
              0, 0, 0, 0, 0, 0, 1, 0, 1, 0, 0, 1, 0, 0, 1, 0, 1, 0, 0, 0, 0,
              1, 1, 0, 1, 1
            ],
            "max_sites": 6,
            "site_hist": [0, 54, 50, 21, 10, 5, 1]
          }, {
            "db": 0,
            "id": "PPARA_MOUSE.H11MO.1.A",
            "len": 9,
            "consensus": "CAAAGGTCA",
            "motif_evalue": 0,
            "motif_nsites": 500,
            "url": "http://hocomoco.autosome.ru/motif/PPARA_MOUSE.H11MO.1.A",
            "pwm": [
              [0.0840355, 0.597928, 0.234001, 0.0840355], 
              [0.905871, 0.0420393, 0.0280421, 0.0240475], 
              [0.693914, 0.0820313, 0.214005, 0.0100503], 
