<!DOCTYPE HTML>
<html>
  <head>
    <meta charset="UTF-8">
    <title>SEA results</title>
    <script type="text/javascript">
      //@JSON_VAR data
      var data = {
        "version": "5.5.0",
        "revision": "f2d477cd7042ca2aea22804f4c36acfd3765987b",
        "release": "Wed Sep 7 14:18:26 2022 -0700",
        "program": "SEA",
        "cmd": [
          "sea", "--verbosity", "1", "--oc", ".", "--thresh", "10.0",
          "--align", "center", "--p",
          "PTs2_DARs_nearSexBiasedGenes_fWTvsmWT_M.bed.fa", "--m",
          "motif_db/MOUSE/HOCOMOCOv11_full_MOUSE_mono_meme_format.meme"
        ],
        "options": {
          "objfun": "Differential Enrichment",
          "test": "Fisher Exact Test",
          "order": 2,
          "seed": 0,
          "pseudocount": 0.1,
          "thresh_type": "evalue",
          "thresh": 10,
          "hofract": 0.1,
          "is_holdout": true,
          "strands": "both",
          "align": "center",
          "noseqs": "false"
        },
        "motif_dbs": [
          {
            "source": "motif_db/MOUSE/HOCOMOCOv11_full_MOUSE_mono_meme_format.meme",
            "count": 531
          }
        ],
        "alphabet": {
          "name": "DNA",
          "like": "dna",
          "ncore": 4,
          "symbols": [
            {
              "symbol": "A",
              "name": "Adenine",
              "colour": "CC0000",
              "complement": "T"
            }, {
              "symbol": "C",
              "name": "Cytosine",
              "colour": "0000CC",
              "complement": "G"
            }, {
              "symbol": "G",
              "name": "Guanine",
              "colour": "FFB300",
              "complement": "C"
            }, {
              "symbol": "T",
              "aliases": "U",
              "name": "Thymine",
              "colour": "008000",
              "complement": "A"
            }, {
              "symbol": "N",
              "aliases": "X.",
              "name": "Any base",
              "equals": "ACGT"
            }, {
              "symbol": "V",
              "name": "Not T",
              "equals": "ACG"
            }, {
              "symbol": "H",
              "name": "Not G",
              "equals": "ACT"
            }, {
              "symbol": "D",
              "name": "Not C",
              "equals": "AGT"
            }, {
              "symbol": "B",
              "name": "Not A",
              "equals": "CGT"
            }, {
              "symbol": "M",
              "name": "Amino",
              "equals": "AC"
            }, {
              "symbol": "R",
              "name": "Purine",
              "equals": "AG"
            }, {
              "symbol": "W",
              "name": "Weak",
              "equals": "AT"
            }, {
              "symbol": "S",
              "name": "Strong",
              "equals": "CG"
            }, {
              "symbol": "Y",
              "name": "Pyrimidine",
              "equals": "CT"
            }, {
              "symbol": "K",
              "name": "Keto",
              "equals": "GT"
            }
          ]
        },
        "background": {
          "source": "--control--",
          "frequencies": [0.2439, 0.2561, 0.2561, 0.2439]
        },
        "sequence_db": {
          "source": "PTs2_DARs_nearSexBiasedGenes_fWTvsmWT_M.bed.fa",
          "count": 578,
          "maxlen": 500,
          "holdout": 57
        },
        "control_db": {
          "from": "shuffled",
          "count": 578,
          "holdout": 57
        },
        "motifs": [
          {
            "db": 0,
            "id": "HNF1B_MOUSE.H11MO.0.A",
            "len": 15,
            "consensus": "RGTTAATRATTAACH",
            "motif_evalue": 0,
            "motif_nsites": 500,
            "url": "http://hocomoco.autosome.ru/motif/HNF1B_MOUSE.H11MO.0.A",
            "pwm": [
              [0.401968, 0.05604, 0.343982, 0.198009], 
              [0.164016, 0.0300452, 0.733904, 0.0720344], 
              [0.0420404, 0.05604, 0.0500412, 0.851878], 
              [0.0980292, 0.0820348, 0.0720368, 0.747899], 
              [0.937861, 0.00605002, 0.0400432, 0.0160456], 
              [0.89387, 0.0580396, 0.00605002, 0.0420404], 
              [0.0760336, 0.0220468, 0.00405042, 0.897869], 
              [0.39397, 5.12178e-05, 0.60593, 4.87622e-05], 
              [0.7439, 0.026046, 0.0340444, 0.19601], 
              [0.0820324, 0.0240464, 0.110029, 0.783892], 
              [0.0120464, 0.0340444, 0.00804962, 0.94586], 
              [0.709907, 0.0680376, 0.0920328, 0.130023], 
              [0.779893, 0.0940324, 0.0780356, 0.0480392], 
              [0.0820324, 0.699911, 0.0380436, 0.180013], 
              [0.246, 0.283994, 0.0740364, 0.39597]
            ],
            "pvalue": "1.87e-11",
            "log_pvalue": -24.7025,
            "evalue": "9.93e-9",
            "log_evalue": -18.4278,
            "qvalue": "6.64e-9",
            "log_qvalue": -18.8297,
            "tp": 95,
            "fp": 27,
            "enr_ratio": 3.42857,
            "score_thresh": 11.276,
            "total_sites": 95,
            "site_distr": [
              0, 0, 0, 0, 0, 0, 0, 0, 0, 0, 0, 0, 0, 0, 0, 0, 0, 0, 1, 0, 0,
              0, 0, 0, 1, 0, 0, 0, 0, 0, 0, 0, 0, 0, 0, 0, 0, 0, 0, 0, 0, 0,
              1, 0, 0, 0, 0, 1, 0, 0, 0, 0, 0, 0, 0, 0, 0, 1, 0, 0, 0, 0, 0,
              0, 0, 0, 0, 0, 0, 0, 0, 0, 0, 0, 0, 0, 0, 0, 0, 0, 0, 0, 0, 0,
              0, 0, 0, 0, 0, 0, 0, 0, 1, 0, 0, 0, 0, 0, 0, 0, 0, 0, 0, 0, 0,
              0, 0, 1, 0, 0, 0, 1, 0, 0, 0, 0, 1, 0, 1, 0, 1, 0, 0, 0, 0, 0,
              0, 0, 1, 0, 0, 0, 0, 1, 0, 1, 0, 0, 0, 0, 0, 0, 0, 0, 0, 0, 0,
              0, 0, 0, 1, 0, 0, 1, 0, 2, 1, 0, 0, 0, 2, 2, 0, 0, 0, 0, 0, 0,
              0, 0, 0, 0, 0, 0, 0, 0, 0, 0, 0, 0, 0, 0, 0, 0, 0, 0, 1, 1, 0,
              0, 0, 1, 0, 0, 0, 0, 0, 0, 0, 1, 2, 1, 1, 0, 2, 0, 0, 0, 0, 0,
              0, 0, 0, 1, 0, 0, 2, 0, 0, 1, 0, 0, 2, 2, 0, 0, 0, 0, 0, 0, 0,
              0, 1, 0, 0, 0, 0, 1, 1, 0, 1, 0, 0, 0, 0, 1, 1, 0, 1, 0, 0, 0,
              0, 2, 0, 1, 0, 0, 0, 0, 1, 0, 0, 0, 0, 0, 1, 0, 2, 0, 1, 0, 0,
              2, 0, 0, 0, 1, 0, 0, 0, 0, 0, 0, 0, 1, 1, 1, 0, 0, 0, 2, 0, 2,
              0, 0, 0, 0, 0, 0, 1, 1, 0, 0, 0, 0, 0, 1, 0, 0, 0, 0, 0, 0, 0,
              0, 0, 0, 0, 0, 0, 0, 1, 0, 0, 0, 0, 1, 0, 0, 0, 0, 0, 0, 1, 0,
              0, 0, 0, 0, 1, 1, 0, 0, 1, 0, 0, 0, 0, 0, 0, 1, 0, 0, 0, 1, 0,
              0, 0, 0, 0, 1, 0, 0, 0, 0, 1, 0, 0, 1, 0, 2, 0, 0, 0, 0, 0, 1,
              0, 0, 0, 0, 1, 0, 0, 1, 0, 0, 0, 0, 0, 0, 0, 0, 0, 0, 0, 0, 0,
              0, 0, 0, 0, 0, 0, 0, 0, 0, 0, 0, 0, 0, 1, 0, 1, 0, 0, 0, 0, 0,
              0, 1, 0, 1, 0, 0, 0, 0, 0, 0, 0, 0, 1, 1, 0, 0, 0, 0, 0, 0, 0,
              0, 0, 0, 0, 0, 0, 0, 0, 1, 0, 0, 0, 0, 0, 0, 1, 0, 0, 0, 0, 0,
              0, 0, 0, 0, 0, 0, 0, 0, 0, 0, 0, 1, 1, 0, 0, 0, 0, 0, 0, 0, 0,
              0, 0, 0
            ],
            "max_sites": 6,
            "site_hist": [0, 78, 14, 2, 0, 0, 1]
          }, {
            "db": 0,
            "id": "HNF1A_MOUSE.H11MO.0.A",
            "len": 15,
            "consensus": "RGTTAATMWTTAMCM",
            "motif_evalue": 0,
            "motif_nsites": 174,
            "url": "http://hocomoco.autosome.ru/motif/HNF1A_MOUSE.H11MO.0.A",
            "pwm": [
              [0.346424, 0.0299745, 0.483129, 0.140472], 
              [0.094597, 0.00757082, 0.867997, 0.0298348], 
              [0.0070335, 0.0887711, 0.0118129, 0.892382], 
              [0.0930062, 0.0155248, 0.000147122, 0.891322], 
              [0.974643, 0.0171156, 0.00385897, 0.00438218], 
              [0.747801, 0.104749, 0.0346842, 0.112766], 
              [0.0903549, 0.00916161, 0.00863134, 0.891852], 
              [0.400924, 0.224393, 0.19788, 0.176803], 
              [0.559752, 0.0250695, 0.0580158, 0.357162], 
              [0.0638417, 0.0229485, 0.042038, 0.871172], 
              [0.064372, 0.173293, 0.0118129, 0.750522], 
              [0.555175, 0.0601369, 0.192313, 0.192375], 
              [0.498352, 0.283072, 0.0792963, 0.139279], 
              [0.188999, 0.569234, 0.0282511, 0.213516], 
              [0.356974, 0.368647, 0.148098, 0.12628]
            ],
            "pvalue": "3.54e-10",
            "log_pvalue": -21.7604,
            "evalue": "1.88e-7",
            "log_evalue": -15.4856,
            "qvalue": "6.30e-8",
            "log_qvalue": -16.5807,
            "tp": 141,
            "fp": 62,
            "enr_ratio": 2.25397,
            "score_thresh": 9.68472,
            "total_sites": 141,
            "site_distr": [
              0, 0, 0, 0, 0, 0, 1, 0, 0, 0, 1, 0, 0, 0, 1, 0, 0, 0, 1, 0, 1,
              0, 0, 0, 1, 0, 0, 0, 0, 0, 0, 1, 0, 0, 0, 0, 0, 0, 0, 0, 0, 0,
              1, 0, 0, 0, 0, 1, 0, 0, 0, 0, 0, 0, 0, 0, 0, 1, 0, 0, 0, 0, 0,
              1, 0, 0, 0, 0, 0, 0, 0, 0, 0, 0, 0, 1, 0, 0, 0, 0, 0, 0, 0, 0,
              0, 0, 0, 0, 0, 0, 0, 0, 1, 0, 0, 0, 0, 0, 0, 0, 0, 0, 0, 0, 0,
              0, 0, 1, 1, 0, 0, 1, 1, 0, 0, 0, 1, 0, 0, 0, 1, 0, 0, 0, 0, 0,
              2, 0, 1, 0, 1, 0, 1, 1, 0, 1, 0, 1, 0, 0, 0, 0, 0, 0, 0, 1, 0,
              0, 0, 0, 2, 0, 1, 1, 0, 1, 1, 2, 0, 0, 0, 0, 0, 0, 0, 0, 0, 1,
              0, 0, 0, 0, 0, 1, 0, 0, 0, 0, 0, 0, 0, 0, 0, 0, 0, 0, 0, 0, 1,
              0, 0, 0, 0, 0, 0, 0, 1, 1, 1, 0, 2, 1, 1, 0, 1, 0, 0, 0, 0, 0,
              0, 0, 1, 1, 0, 0, 1, 0, 0, 2, 0, 0, 2, 2, 0, 0, 0, 0, 1, 0, 0,
              0, 1, 0, 0, 0, 0, 1, 1, 0, 3, 1, 0, 0, 0, 1, 1, 1, 1, 0, 0, 0,
              0, 3, 0, 0, 1, 0, 0, 0, 1, 0, 0, 0, 0, 1, 1, 0, 2, 0, 1, 0, 0,
              2, 2, 0, 0, 1, 0, 0, 0, 0, 0, 0, 0, 1, 1, 1, 1, 1, 1, 3, 1, 3,
              0, 1, 0, 0, 0, 0, 1, 0, 0, 0, 1, 0, 0, 1, 0, 0, 0, 0, 0, 0, 0,
              0, 0, 0, 0, 1, 0, 0, 1, 1, 1, 1, 0, 1, 0, 0, 1, 0, 0, 0, 1, 1,
              0, 0, 0, 0, 2, 1, 0, 0, 0, 0, 0, 0, 0, 1, 0, 1, 0, 0, 0, 1, 0,
              0, 0, 0, 0, 1, 0, 0, 0, 1, 1, 0, 0, 0, 0, 1, 0, 0, 0, 0, 0, 1,
              0, 0, 0, 0, 1, 0, 0, 1, 1, 0, 0, 0, 0, 0, 0, 0, 0, 0, 0, 0, 2,
              0, 0, 0, 1, 0, 0, 0, 0, 0, 0, 0, 0, 0, 1, 0, 1, 0, 0, 0, 0, 0,
              0, 1, 0, 1, 0, 0, 0, 0, 0, 0, 0, 0, 1, 1, 0, 0, 0, 0, 0, 0, 0,
              0, 0, 0, 0, 0, 0, 0, 0, 1, 0, 0, 0, 0, 0, 0, 1, 0, 0, 0, 0, 0,
              1, 0, 0, 0, 0, 0, 1, 0, 0, 0, 0, 1, 1, 0, 1, 0, 0, 0, 0, 0, 0,
              0, 0, 2
            ],
            "max_sites": 5,
            "site_hist": [0, 105, 22, 9, 4, 1]
          }, {
            "db": 0,
            "id": "HNF4G_MOUSE.H11MO.0.C",
            "len": 14,
            "consensus": "VRGKBCAAAGKYCA",
            "motif_evalue": 0,
            "motif_nsites": 500,
            "url": "http://hocomoco.autosome.ru/motif/HNF4G_MOUSE.H11MO.0.C",
            "pwm": [
              [0.281992, 0.254, 0.35398, 0.110027], 
              [0.455958, 0.0320448, 0.397972, 0.114026], 
              [0.0720344, 0.0180476, 0.847882, 0.0620364], 
              [0.182012, 0.0700372, 0.325986, 0.421964], 
              [0.150019, 0.30799, 0.277996, 0.263996], 
              [0.00804716, 0.925866, 0.0100492, 0.0560376], 
              [0.949859, 0.0220468, 0.016048, 0.0120464], 
              [0.84588, 0.00804962, 0.144022, 0.00204836], 
              [0.921864, 5.12178e-05, 0.0680376, 0.0100468], 
              [0.00804716, 0.00605002, 0.967858, 0.0180452], 
              [0.0160456, 0.00804962, 0.381975, 0.59393], 
              [0.0420404, 0.495952, 0.128026, 0.333982], 
              [0.0180452, 0.835884, 0.016048, 0.130023], 
              [0.701908, 0.0640384, 0.130025, 0.104028]
            ],
            "pvalue": "5.09e-9",
            "log_pvalue": -19.0956,
            "evalue": "2.70e-6",
            "log_evalue": -12.8208,
            "qvalue": "6.03e-7",
            "log_qvalue": -14.3214,
            "tp": 228,
            "fp": 139,
            "enr_ratio": 1.63571,
            "score_thresh": 7.87512,
            "total_sites": 228,
            "site_distr": [
              0, 2, 0, 0, 0, 1, 0, 0, 0, 1, 0, 1, 0, 0, 0, 0, 0, 0, 0, 0, 0,
              0, 0, 0, 0, 0, 0, 0, 2, 1, 0, 0, 2, 1, 1, 0, 0, 0, 0, 0, 1, 0,
              1, 0, 1, 0, 2, 0, 2, 0, 0, 3, 0, 2, 0, 2, 0, 0, 5, 0, 1, 0, 0,
              0, 0, 0, 0, 0, 1, 1, 1, 0, 1, 0, 1, 0, 0, 0, 0, 1, 2, 0, 1, 0,
              1, 0, 1, 0, 1, 0, 0, 0, 1, 3, 1, 0, 1, 0, 0, 0, 0, 0, 1, 0, 1,
              0, 0, 2, 0, 1, 2, 0, 1, 0, 0, 0, 1, 0, 2, 0, 0, 1, 0, 0, 0, 0,
              0, 0, 0, 1, 0, 0, 0, 0, 0, 0, 0, 0, 0, 1, 1, 0, 1, 0, 0, 1, 0,
              0, 0, 0, 0, 1, 0, 1, 1, 0, 0, 0, 0, 1, 0, 0, 0, 1, 0, 0, 1, 0,
              0, 1, 0, 1, 1, 0, 0, 1, 0, 0, 0, 0, 0, 1, 1, 0, 1, 0, 1, 2, 1,
              1, 1, 2, 0, 2, 1, 2, 1, 2, 0, 0, 1, 0, 0, 1, 0, 0, 0, 0, 0, 1,
              0, 1, 2, 1, 0, 0, 3, 2, 0, 0, 0, 0, 1, 0, 0, 1, 2, 0, 2, 0, 0,
              2, 2, 0, 2, 2, 1, 0, 1, 0, 3, 1, 0, 1, 0, 0, 2, 0, 1, 0, 0, 0,
              1, 2, 0, 1, 2, 0, 0, 2, 2, 0, 0, 0, 2, 0, 0, 0, 1, 0, 1, 1, 2,
              0, 0, 1, 0, 1, 0, 0, 4, 0, 1, 0, 0, 1, 0, 1, 1, 0, 0, 0, 0, 0,
              0, 1, 0, 0, 1, 1, 0, 0, 1, 0, 0, 1, 0, 0, 0, 0, 0, 0, 1, 1, 2,
              0, 0, 1, 0, 0, 1, 0, 2, 0, 1, 0, 0, 0, 2, 0, 0, 1, 0, 0, 0, 0,
              0, 0, 2, 0, 0, 1, 1, 1, 0, 0, 1, 0, 1, 0, 0, 0, 1, 1, 0, 1, 0,
              0, 1, 3, 1, 0, 0, 0, 0, 0, 0, 0, 1, 0, 0, 0, 0, 1, 0, 0, 1, 0,
              0, 1, 1, 0, 1, 1, 0, 1, 0, 0, 2, 1, 0, 0, 0, 0, 0, 1, 0, 0, 0,
              0, 0, 0, 0, 0, 0, 1, 1, 2, 0, 0, 0, 2, 0, 0, 0, 0, 0, 0, 0, 0,
              1, 0, 0, 1, 0, 0, 0, 0, 2, 1, 0, 0, 0, 0, 1, 0, 0, 0, 1, 0, 0,
              0, 0, 0, 0, 0, 1, 1, 0, 0, 0, 0, 0, 0, 0, 0, 0, 0, 2, 0, 0, 0,
              0, 0, 0, 0, 0, 0, 1, 0, 0, 0, 1, 1, 1, 0, 0, 0, 1, 1, 0, 1, 0,
              0, 0, 1, 0
            ],
            "max_sites": 5,
            "site_hist": [0, 166, 54, 7, 0, 1]
          }, {
            "db": 0,
            "id": "HNF4A_MOUSE.H11MO.0.A",
            "len": 14,
            "consensus": "VRGKYCAAAGTCCA",
            "motif_evalue": 0,
            "motif_nsites": 500,
            "url": "http://hocomoco.autosome.ru/motif/HNF4A_MOUSE.H11MO.0.A",
            "pwm": [
              [0.34598, 0.188014, 0.331985, 0.134022], 
              [0.435962, 0.0300452, 0.389973, 0.14402], 
              [0.130023, 0.0340444, 0.749901, 0.0860316], 
              [0.124024, 0.0540404, 0.413968, 0.407967], 
              [0.108027, 0.439963, 0.212009, 0.240001], 
              [0.024044, 0.911869, 0.00205082, 0.0620364], 
              [0.953858, 0.0120488, 0.026046, 0.00804716], 
              [0.803888, 0.00605002, 0.164018, 0.0260436], 
              [0.879873, 0.00205082, 0.10403, 0.014046], 
              [0.00204836, 0.00605002, 0.981855, 0.0100468], 
              [0.0220444, 0.00605002, 0.142023, 0.829883], 
              [0.014046, 0.685914, 0.0920328, 0.208007], 
              [0.00804716, 0.889873, 0.0100492, 0.0920304], 
              [0.739901, 0.0420428, 0.110029, 0.108027]
            ],
            "pvalue": "1.28e-8",
            "log_pvalue": -18.1745,
            "evalue": "6.79e-6",
            "log_evalue": -11.8997,
            "qvalue": "1.02e-6",
            "log_qvalue": -13.7967,
            "tp": 242,
            "fp": 154,
            "enr_ratio": 1.56774,
            "score_thresh": 7.33656,
            "total_sites": 242,
            "site_distr": [
              0, 1, 0, 0, 0, 1, 0, 0, 1, 2, 0, 1, 0, 0, 1, 0, 1, 0, 0, 1, 0,
              0, 0, 0, 0, 0, 0, 0, 2, 1, 0, 0, 0, 0, 1, 0, 0, 0, 0, 1, 1, 0,
              1, 0, 0, 0, 2, 0, 1, 0, 0, 2, 0, 1, 0, 2, 0, 0, 3, 0, 1, 0, 0,
              0, 0, 0, 0, 0, 2, 1, 2, 0, 0, 0, 1, 0, 0, 0, 0, 1, 2, 0, 1, 0,
              1, 1, 1, 1, 1, 0, 0, 1, 1, 2, 1, 0, 1, 0, 0, 0, 0, 0, 2, 0, 1,
              0, 1, 1, 0, 0, 1, 0, 1, 0, 0, 0, 1, 0, 1, 0, 0, 1, 0, 0, 0, 0,
              0, 0, 1, 1, 0, 0, 0, 0, 0, 0, 0, 0, 0, 1, 1, 0, 1, 0, 0, 1, 0,
              0, 0, 0, 0, 1, 0, 1, 1, 0, 0, 0, 1, 1, 0, 1, 1, 2, 0, 0, 1, 0,
              0, 1, 0, 2, 0, 0, 0, 1, 0, 0, 0, 0, 0, 1, 1, 0, 2, 0, 1, 1, 0,
              2, 1, 2, 0, 2, 0, 1, 1, 1, 1, 1, 0, 0, 1, 1, 0, 0, 0, 1, 0, 2,
              0, 2, 2, 1, 0, 1, 2, 2, 0, 0, 0, 0, 1, 0, 0, 1, 2, 0, 1, 0, 1,
              2, 2, 0, 2, 2, 2, 0, 1, 0, 1, 1, 0, 1, 0, 0, 3, 1, 1, 1, 0, 0,
              1, 2, 0, 1, 1, 0, 0, 2, 2, 0, 0, 0, 2, 0, 0, 0, 0, 0, 3, 0, 2,
              0, 0, 1, 0, 0, 0, 0, 4, 0, 0, 0, 0, 1, 0, 1, 1, 0, 0, 3, 0, 0,
              1, 1, 0, 0, 4, 1, 0, 0, 1, 0, 1, 1, 0, 0, 0, 0, 0, 0, 0, 0, 2,
              0, 0, 1, 1, 0, 1, 0, 2, 0, 2, 0, 1, 1, 4, 0, 1, 1, 0, 0, 0, 0,
              1, 0, 2, 0, 0, 1, 1, 1, 0, 0, 1, 0, 1, 0, 0, 0, 1, 1, 0, 1, 0,
              0, 1, 3, 1, 0, 1, 0, 0, 0, 0, 0, 1, 0, 0, 1, 0, 1, 0, 0, 0, 0,
              0, 1, 1, 0, 1, 0, 0, 0, 0, 1, 2, 1, 0, 0, 0, 0, 0, 1, 0, 0, 0,
              0, 0, 1, 0, 0, 0, 0, 1, 1, 0, 0, 0, 0, 0, 0, 0, 0, 0, 0, 0, 0,
              1, 0, 0, 1, 0, 0, 0, 0, 1, 1, 0, 0, 0, 0, 1, 0, 0, 0, 1, 0, 1,
              0, 0, 0, 1, 0, 0, 1, 0, 0, 0, 0, 0, 0, 0, 0, 0, 0, 1, 0, 0, 0,
              0, 0, 0, 0, 0, 0, 1, 0, 1, 0, 0, 2, 0, 1, 0, 0, 2, 0, 0, 0, 0,
              1, 0, 1, 0
            ],
            "max_sites": 4,
            "site_hist": [0, 169, 58, 12, 3]
          }, {
            "db": 0,
            "id": "KLF15_MOUSE.H11MO.0.A",
            "len": 19,
            "consensus": "RGGGMGGRGVDGGGGGRGG",
            "motif_evalue": 0,
            "motif_nsites": 479,
            "url": "http://hocomoco.autosome.ru/motif/KLF15_MOUSE.H11MO.0.A",
            "pwm": [
              [0.311051, 0.0355367, 0.542738, 0.110675], 
              [0.25887, 0.0125769, 0.695107, 0.0334469], 
              [5.08996e-05, 0.00214071, 0.997757, 5.08996e-05], 
              [0.0167489, 0.0063152, 0.974798, 0.00213815], 
              [0.536473, 0.354885, 5.34628e-05, 0.108588], 
              [0.06893, 0.0063152, 0.918442, 0.00631264], 
              [0.0125744, 0.0146642, 0.885046, 0.0877153], 
              [0.492641, 0.0313622, 0.423765, 0.0522321], 
              [0.116937, 0.0063152, 0.868348, 0.00839989], 
              [0.313138, 0.344449, 0.29853, 0.0438831], 
              [0.344447, 0.160771, 0.286006, 0.208776], 
              [0.233823, 0.0438856, 0.582395, 0.139896], 
              [0.150333, 0.0209259, 0.797382, 0.0313596], 
              [0.185816, 0.0313622, 0.770248, 0.0125744], 
              [0.256782, 0.133637, 0.576134, 0.0334469], 
              [0.177467, 0.104416, 0.665885, 0.0522321], 
              [0.277655, 0.129463, 0.446724, 0.146158], 
              [0.0877153, 0.0939796, 0.743113, 0.0751918], 
              [0.183729, 0.0167514, 0.73059, 0.06893]
            ],
            "pvalue": "1.52e-8",
            "log_pvalue": -18.0024,
            "evalue": "8.07e-6",
            "log_evalue": -11.7276,
            "qvalue": "1.02e-6",
            "log_qvalue": -13.7967,
            "tp": 347,
            "fp": 258,
            "enr_ratio": 1.34363,
            "score_thresh": 4.80409,
            "total_sites": 347,
            "site_distr": [
              2, 1, 0, 1, 2, 1, 0, 1, 0, 1, 1, 1, 1, 0, 0, 1, 0, 2, 2, 0, 1,
              1, 1, 1, 0, 1, 0, 0, 1, 1, 1, 1, 0, 1, 0, 0, 0, 0, 1, 2, 0, 1,
              0, 1, 2, 0, 1, 0, 1, 0, 0, 2, 1, 3, 0, 0, 0, 0, 0, 2, 0, 0, 1,
              1, 1, 0, 0, 0, 4, 1, 1, 1, 0, 1, 0, 0, 0, 0, 0, 0, 0, 0, 0, 1,
              1, 0, 2, 0, 0, 0, 1, 0, 1, 0, 0, 1, 1, 0, 0, 1, 0, 1, 0, 2, 1,
              0, 0, 0, 0, 0, 0, 2, 0, 0, 2, 0, 0, 0, 0, 0, 0, 0, 0, 1, 0, 1,
              1, 0, 0, 1, 1, 0, 0, 0, 1, 0, 1, 0, 0, 1, 0, 1, 1, 0, 1, 0, 0,
              0, 0, 2, 0, 0, 1, 0, 0, 0, 0, 0, 1, 1, 0, 0, 0, 0, 1, 0, 0, 0,
              0, 0, 0, 1, 1, 1, 2, 1, 1, 1, 0, 1, 1, 1, 1, 0, 0, 2, 0, 0, 1,
              1, 1, 1, 0, 2, 0, 1, 1, 0, 1, 1, 0, 1, 1, 1, 2, 2, 0, 0, 0, 0,
              1, 0, 0, 0, 1, 0, 0, 0, 0, 1, 2, 1, 3, 1, 1, 1, 0, 0, 0, 0, 2,
              0, 0, 1, 1, 1, 2, 0, 3, 5, 3, 0, 1, 3, 1, 1, 1, 0, 1, 0, 0, 0,
              1, 1, 1, 0, 1, 2, 0, 1, 1, 3, 2, 2, 0, 1, 0, 0, 0, 0, 0, 1, 1,
              1, 1, 1, 0, 2, 4, 0, 3, 2, 0, 0, 1, 2, 1, 0, 3, 1, 0, 1, 1, 1,
              0, 0, 1, 0, 2, 0, 0, 0, 1, 2, 3, 0, 0, 1, 1, 1, 1, 1, 1, 0, 2,
              0, 1, 1, 1, 0, 0, 0, 0, 0, 1, 0, 2, 0, 1, 0, 0, 1, 3, 1, 0, 0,
              1, 0, 0, 0, 1, 1, 0, 2, 0, 1, 0, 2, 2, 0, 1, 1, 1, 0, 0, 0, 1,
              1, 0, 2, 0, 0, 3, 1, 0, 1, 1, 1, 0, 0, 1, 2, 2, 0, 1, 0, 0, 1,
              0, 0, 1, 2, 1, 1, 1, 0, 2, 0, 2, 1, 0, 0, 0, 0, 0, 0, 1, 1, 2,
              1, 1, 1, 1, 0, 1, 0, 1, 2, 0, 0, 1, 0, 1, 2, 1, 0, 0, 0, 1, 0,
              1, 0, 1, 0, 0, 0, 0, 1, 1, 1, 2, 1, 1, 0, 2, 0, 0, 2, 0, 0, 0,
              0, 1, 0, 0, 2, 2, 3, 0, 1, 2, 1, 0, 2, 0, 1, 3, 1, 1, 1, 1, 0,
              0, 1, 0, 0, 1, 1, 2, 0, 0, 0, 2, 1, 4, 0, 0, 0, 0, 1, 0, 2
            ],
            "max_sites": 41,
            "site_hist": [
              0, 97, 70, 32, 30, 19, 15, 17, 15, 7, 8, 2, 6, 2, 3, 4, 3, 1, 2,
              1, 1, 2, 1, 0, 2, 2, 1, 0, 2, 0, 0, 0, 0, 0, 1, 0, 0, 0, 0, 0,
              0, 1
            ]
          }, {
            "db": 0,
            "id": "SP5_MOUSE.H11MO.0.C",
            "len": 24,
            "consensus": "RRGGRGGRGGRGRRGGGGGAGGRG",
            "motif_evalue": 0,
            "motif_nsites": 499,
            "url": "http://hocomoco.autosome.ru/motif/SP5_MOUSE.H11MO.0.C",
            "pwm": [
              [0.282557, 0.1383, 0.470899, 0.108244], 
              [0.326637, 0.106242, 0.394762, 0.172359], 
              [0.188388, 0.11025, 0.573083, 0.12828], 
              [0.238478, 0.0701775, 0.543029, 0.148316], 
              [0.352684, 0.0561523, 0.537018, 0.0541462], 
              [0.208424, 0.0701775, 0.633191, 0.0882075], 
              [0.208424, 0.142307, 0.595122, 0.0541462], 
              [0.370716, 0.178372, 0.326639, 0.124272], 
              [0.20642, 0.0581559, 0.579094, 0.15633], 
              [0.184381, 0.11626, 0.60514, 0.0942184], 
              [0.288568, 0.098228, 0.522993, 0.0902112], 
              [0.164345, 0.0641667, 0.703317, 0.0681715], 
              [0.334651, 0.170358, 0.408787, 0.0862039], 
              [0.42281, 0.0761884, 0.302596, 0.198406], 
              [0.230464, 0.0621631, 0.609148, 0.0982256], 
              [0.234471, 0.032109, 0.541025, 0.192395], 
              [0.262521, 0.00606214, 0.713335, 0.0180813], 
              [0.030103, 0.022091, 0.939743, 0.00806329], 
              [0.0260957, 0.032109, 0.913696, 0.0280994], 
              [0.615156, 0.264527, 0.00806575, 0.112251], 
              [0.118262, 0.0160802, 0.817523, 0.0481354], 
              [0.00806329, 0.0240946, 0.937739, 0.030103], 
              [0.50095, 5.13204e-05, 0.488931, 0.0100669], 
              [0.0561498, 0.0240946, 0.873624, 0.0461318]
            ],
            "pvalue": "1.72e-8",
            "log_pvalue": -17.8778,
            "evalue": "9.14e-6",
            "log_evalue": -11.603,
            "qvalue": "1.02e-6",
            "log_qvalue": -13.7967,
            "tp": 387,
            "fp": 302,
            "enr_ratio": 1.28053,
            "score_thresh": 4.53516,
            "total_sites": 387,
            "site_distr": [
              3, 2, 2, 1, 1, 0, 0, 4, 2, 0, 1, 3, 0, 0, 0, 0, 0, 0, 0, 1, 1,
              0, 0, 3, 0, 0, 0, 0, 1, 2, 1, 0, 1, 3, 2, 0, 3, 0, 0, 0, 0, 1,
              0, 0, 2, 2, 0, 1, 0, 0, 4, 1, 0, 1, 0, 0, 1, 0, 1, 1, 0, 1, 1,
              1, 1, 1, 3, 1, 0, 0, 2, 0, 0, 0, 2, 0, 1, 0, 2, 0, 0, 1, 0, 2,
              0, 1, 1, 2, 0, 1, 2, 1, 3, 0, 1, 0, 1, 0, 0, 0, 1, 0, 2, 0, 0,
              0, 0, 0, 0, 3, 0, 1, 0, 0, 2, 0, 0, 0, 0, 0, 2, 0, 1, 0, 3, 1,
              2, 0, 1, 0, 0, 0, 0, 1, 1, 0, 0, 2, 0, 1, 1, 0, 0, 0, 0, 2, 0,
              1, 1, 0, 1, 0, 0, 2, 1, 1, 3, 1, 0, 2, 0, 2, 0, 1, 2, 0, 0, 0,
              1, 0, 0, 0, 3, 1, 1, 0, 0, 1, 2, 0, 1, 1, 0, 1, 1, 1, 1, 0, 3,
              0, 1, 3, 1, 0, 0, 0, 1, 1, 1, 0, 2, 0, 0, 1, 0, 2, 0, 0, 1, 0,
              1, 0, 0, 2, 0, 0, 2, 1, 1, 2, 0, 1, 0, 1, 2, 1, 1, 1, 1, 0, 1,
              0, 1, 1, 3, 0, 1, 1, 0, 3, 2, 1, 1, 1, 1, 2, 1, 0, 1, 0, 2, 0,
              0, 2, 2, 2, 0, 2, 0, 2, 2, 4, 1, 0, 0, 2, 1, 1, 4, 0, 2, 3, 2,
              0, 0, 2, 1, 0, 0, 3, 1, 1, 0, 1, 0, 0, 1, 0, 2, 0, 0, 1, 1, 1,
              0, 0, 2, 0, 1, 2, 0, 0, 0, 3, 0, 1, 1, 0, 2, 1, 1, 0, 0, 0, 1,
              0, 2, 0, 0, 0, 0, 2, 1, 1, 0, 0, 0, 0, 1, 2, 0, 0, 0, 0, 1, 1,
              3, 2, 2, 0, 1, 2, 0, 1, 0, 0, 1, 3, 0, 2, 0, 0, 1, 0, 0, 0, 2,
              2, 0, 1, 2, 0, 0, 0, 2, 0, 0, 0, 1, 0, 1, 2, 0, 1, 2, 0, 0, 1,
              0, 0, 1, 0, 0, 1, 0, 0, 2, 0, 0, 0, 0, 1, 2, 0, 0, 0, 0, 1, 3,
              1, 1, 0, 1, 1, 1, 0, 1, 1, 1, 1, 1, 2, 1, 1, 0, 2, 1, 1, 3, 0,
              0, 0, 2, 0, 1, 0, 1, 0, 0, 0, 0, 0, 2, 0, 1, 0, 0, 1, 2, 2, 1,
              0, 1, 0, 1, 2, 0, 0, 2, 0, 0, 1, 1, 2, 1, 0, 0, 0, 0, 2, 1, 1,
              1, 0, 2, 0, 2, 1, 1, 1, 1, 1, 0, 0, 3, 1, 0
            ],
            "max_sites": 110,
            "site_hist": [
              0, 90, 59, 41, 30, 24, 15, 14, 5, 9, 12, 9, 10, 4, 5, 9, 5, 5,
              4, 2, 1, 3, 2, 1, 0, 2, 2, 2, 4, 2, 2, 2, 0, 2, 0, 0, 0, 0, 1,
              1, 2, 2, 1, 1, 0, 0, 0, 0, 0, 0, 0, 0, 0, 0, 0, 0, 0, 0, 0, 0,
              0, 0, 0, 0, 0, 0, 0, 0, 0, 0, 0, 0, 0, 0, 0, 0, 1, 0, 0, 0, 0,
              0, 0, 0, 0, 0, 0, 0, 0, 0, 0, 0, 0, 0, 0, 0, 0, 0, 0, 0, 0, 0,
              0, 0, 0, 0, 0, 0, 0, 0, 1
            ]
          }, {
            "db": 0,
            "id": "SP4_MOUSE.H11MO.0.B",
            "len": 20,
            "consensus": "SRGVARGRGGCGGRGCHDRR",
            "motif_evalue": 0,
            "motif_nsites": 499,
            "url": "http://hocomoco.autosome.ru/motif/SP4_MOUSE.H11MO.0.B",
            "pwm": [
              [0.222449, 0.248499, 0.45487, 0.0741823], 
              [0.266529, 0.148318, 0.462884, 0.122269], 
              [0.140301, 0.180376, 0.60514, 0.0741823], 
              [0.404777, 0.250502, 0.248499, 0.096222], 
              [0.526997, 0.112253, 0.224455, 0.136294], 
              [0.346673, 0.0260982, 0.549039, 0.0781895], 
              [0.230464, 0.0180838, 0.637198, 0.114254], 
              [0.342666, 0.0200874, 0.615159, 0.0220885], 
              [0.0681715, 0.012073, 0.901674, 0.0180813], 
              [0.0361138, 0.00405853, 0.935736, 0.0240921], 
              [0.124272, 0.769436, 0.0100694, 0.096222], 
              [0.0561498, 0.0160802, 0.855591, 0.0721787], 
              [0.0541462, 0.0180838, 0.861602, 0.0661679], 
              [0.352684, 0.0301054, 0.567072, 0.050139], 
              [0.214435, 0.0100694, 0.747397, 0.0280994], 
              [0.198406, 0.597126, 0.142307, 0.0621607], 
              [0.248496, 0.414798, 0.124275, 0.212431], 
              [0.326637, 0.078192, 0.364708, 0.230464], 
              [0.302593, 0.112253, 0.498949, 0.0862039], 
              [0.332648, 0.142307, 0.430827, 0.0942184]
            ],
            "pvalue": "5.73e-8",
            "log_pvalue": -16.6748,
            "evalue": "3.04e-5",
            "log_evalue": -10.4,
            "qvalue": "2.91e-6",
            "log_qvalue": -12.7479,
            "tp": 374,
            "fp": 291,
            "enr_ratio": 1.28425,
            "score_thresh": 5.77897,
            "total_sites": 374,
            "site_distr": [
              0, 2, 0, 0, 2, 0, 1, 0, 0, 3, 1, 1, 0, 2, 0, 0, 2, 1, 1, 0, 2,
              0, 0, 2, 0, 0, 0, 0, 2, 1, 0, 2, 0, 1, 0, 0, 1, 0, 2, 0, 0, 0,
              0, 0, 1, 2, 0, 1, 0, 1, 2, 0, 0, 0, 1, 0, 2, 2, 0, 1, 0, 0, 1,
              0, 0, 3, 1, 2, 1, 0, 1, 0, 0, 0, 0, 1, 2, 0, 0, 0, 0, 2, 0, 0,
              1, 1, 0, 1, 1, 1, 0, 1, 0, 1, 0, 1, 1, 1, 0, 2, 0, 0, 0, 2, 1,
              0, 1, 0, 1, 0, 1, 0, 2, 0, 0, 0, 0, 0, 1, 0, 0, 0, 0, 2, 1, 1,
              0, 0, 0, 0, 2, 2, 1, 0, 0, 1, 1, 0, 1, 1, 0, 1, 1, 1, 0, 0, 1,
              0, 0, 1, 0, 0, 1, 2, 1, 0, 1, 2, 1, 1, 1, 0, 0, 1, 0, 0, 1, 0,
              3, 1, 2, 1, 2, 0, 0, 0, 1, 1, 1, 2, 0, 0, 1, 1, 0, 2, 0, 1, 2,
              1, 0, 2, 1, 0, 1, 1, 0, 2, 0, 0, 1, 0, 1, 0, 0, 0, 2, 0, 1, 1,
              1, 1, 1, 1, 0, 0, 1, 0, 0, 2, 1, 2, 0, 1, 0, 1, 2, 1, 1, 2, 0,
              0, 4, 1, 2, 1, 1, 1, 2, 2, 0, 3, 0, 3, 1, 1, 2, 2, 1, 0, 2, 2,
              1, 0, 1, 2, 0, 1, 1, 1, 0, 1, 1, 3, 0, 2, 3, 1, 4, 3, 2, 0, 2,
              0, 0, 1, 1, 2, 0, 3, 0, 0, 1, 0, 0, 1, 2, 0, 2, 0, 1, 2, 2, 0,
              0, 0, 0, 0, 1, 0, 0, 0, 0, 2, 0, 0, 0, 2, 1, 3, 1, 1, 0, 0, 1,
              0, 1, 2, 1, 1, 1, 0, 0, 0, 1, 1, 1, 0, 0, 1, 1, 1, 1, 3, 1, 0,
              1, 0, 3, 0, 1, 1, 0, 1, 1, 1, 1, 2, 0, 0, 0, 1, 1, 1, 0, 1, 1,
              1, 0, 2, 0, 0, 0, 1, 2, 1, 0, 0, 1, 0, 0, 3, 0, 1, 1, 1, 0, 1,
              2, 0, 1, 0, 0, 0, 0, 0, 1, 1, 1, 0, 1, 0, 1, 2, 0, 0, 3, 1, 2,
              1, 0, 1, 1, 1, 0, 0, 0, 1, 0, 1, 0, 2, 0, 0, 1, 0, 0, 1, 0, 3,
              1, 1, 1, 0, 0, 1, 0, 1, 1, 1, 0, 1, 0, 0, 2, 1, 0, 0, 0, 1, 0,
              1, 0, 0, 0, 1, 1, 1, 0, 1, 1, 1, 0, 0, 2, 0, 0, 0, 1, 1, 0, 2,
              1, 1, 1, 1, 0, 5, 0, 0, 1, 0, 1, 0, 0, 1, 0, 3, 2, 1, 0
            ],
            "max_sites": 32,
            "site_hist": [
              0, 114, 71, 43, 33, 22, 11, 19, 10, 8, 6, 4, 3, 5, 6, 0, 2, 2,
              4, 2, 0, 1, 2, 1, 1, 1, 0, 0, 2, 0, 0, 0, 1
            ]
          }, {
            "db": 0,
            "id": "IRF3_MOUSE.H11MO.0.A",
            "len": 20,
            "consensus": "RAAARGGAAAVDGAAASDGA",
            "motif_evalue": 0,
            "motif_nsites": 500,
            "url": "http://hocomoco.autosome.ru/motif/IRF3_MOUSE.H11MO.0.A",
            "pwm": [
              [0.299989, 0.0780356, 0.513948, 0.108027], 
              [0.603928, 0.0440424, 0.299991, 0.0520384], 
              [0.677913, 0.066038, 0.214008, 0.0420404], 
              [0.719905, 0.0740364, 0.110029, 0.0960296], 
              [0.305988, 0.10803, 0.45596, 0.130023], 
              [0.224004, 0.0540404, 0.55794, 0.164016], 
              [0.202008, 0.0540404, 0.731905, 0.0120464], 
              [0.819885, 0.0180476, 0.148022, 0.014046], 
              [0.815886, 0.036044, 0.126026, 0.0220444], 
              [0.899869, 0.016048, 0.0300452, 0.054038], 
              [0.224004, 0.261999, 0.445962, 0.0680352], 
              [0.29199, 0.0880336, 0.401971, 0.218005], 
              [0.200009, 0.00605002, 0.783894, 0.0100468], 
              [0.673914, 0.0240464, 0.289993, 0.0120464], 
              [0.879873, 0.036044, 0.0720368, 0.0120464], 
              [0.94186, 0.00405042, 0.0400432, 0.014046], 
              [0.0960296, 0.313988, 0.547942, 0.0420404], 
              [0.265996, 0.142023, 0.273996, 0.317985], 
              [0.228003, 0.122027, 0.585934, 0.064036], 
              [0.681912, 0.0700372, 0.178016, 0.0700348]
            ],
            "pvalue": "8.23e-8",
            "log_pvalue": -16.3132,
            "evalue": "4.37e-5",
            "log_evalue": -10.0385,
            "qvalue": "3.65e-6",
            "log_qvalue": -12.5199,
            "tp": 440,
            "fp": 369,
            "enr_ratio": 1.19189,
            "score_thresh": 4.04265,
            "total_sites": 440,
            "site_distr": [
              1, 1, 2, 3, 1, 2, 0, 2, 1, 0, 0, 0, 2, 1, 1, 3, 2, 0, 3, 2, 0,
              3, 1, 1, 0, 1, 2, 1, 3, 1, 1, 2, 0, 0, 1, 0, 1, 0, 2, 1, 2, 1,
              0, 0, 1, 0, 0, 1, 2, 0, 0, 1, 1, 1, 0, 4, 0, 2, 0, 1, 2, 0, 1,
              0, 1, 1, 2, 2, 0, 1, 0, 1, 3, 0, 3, 2, 1, 0, 1, 0, 1, 1, 1, 0,
              1, 1, 1, 0, 0, 0, 0, 1, 0, 1, 1, 2, 4, 0, 1, 1, 0, 4, 1, 0, 1,
              1, 2, 2, 0, 1, 1, 1, 1, 2, 4, 2, 3, 1, 0, 3, 0, 0, 2, 0, 3, 3,
              0, 1, 0, 0, 1, 0, 1, 2, 3, 3, 1, 1, 1, 1, 0, 0, 0, 2, 0, 0, 1,
              2, 1, 1, 2, 0, 1, 1, 2, 0, 1, 1, 3, 0, 1, 2, 0, 1, 0, 0, 2, 1,
              0, 2, 2, 0, 3, 1, 1, 2, 0, 1, 1, 0, 0, 2, 0, 2, 2, 1, 1, 1, 2,
              2, 1, 4, 0, 0, 2, 0, 2, 1, 1, 2, 1, 0, 0, 1, 0, 1, 0, 0, 0, 0,
              0, 1, 0, 1, 0, 0, 2, 1, 0, 0, 1, 0, 0, 0, 0, 2, 0, 2, 0, 0, 1,
              0, 0, 0, 1, 0, 0, 1, 2, 1, 0, 0, 2, 0, 0, 0, 1, 0, 0, 0, 0, 0,
              1, 0, 0, 0, 0, 0, 0, 0, 1, 0, 1, 0, 0, 0, 0, 0, 0, 0, 0, 0, 0,
              0, 1, 1, 2, 0, 1, 0, 0, 0, 0, 1, 1, 1, 2, 0, 1, 1, 2, 1, 0, 1,
              1, 1, 0, 0, 2, 1, 1, 0, 1, 0, 4, 1, 1, 0, 3, 0, 0, 1, 1, 0, 2,
              0, 1, 0, 2, 0, 0, 2, 0, 0, 0, 3, 0, 1, 1, 0, 1, 2, 1, 2, 3, 1,
              2, 0, 1, 0, 0, 0, 2, 0, 1, 0, 1, 1, 1, 0, 0, 0, 0, 0, 0, 4, 1,
              2, 1, 2, 0, 0, 0, 1, 0, 1, 0, 0, 0, 2, 0, 3, 1, 1, 0, 0, 2, 0,
              2, 1, 1, 0, 0, 3, 0, 1, 4, 1, 2, 1, 2, 1, 0, 1, 0, 0, 1, 3, 2,
              0, 1, 1, 0, 1, 0, 1, 4, 1, 2, 3, 1, 2, 1, 1, 0, 2, 1, 1, 2, 2,
              1, 2, 0, 2, 3, 1, 0, 2, 0, 0, 0, 0, 1, 0, 0, 1, 0, 2, 1, 3, 0,
              0, 1, 0, 2, 0, 2, 0, 1, 1, 0, 3, 0, 4, 0, 2, 0, 1, 4, 0, 2, 0,
              0, 1, 0, 1, 0, 0, 1, 1, 2, 2, 0, 0, 2, 0, 0, 1, 0, 0, 2
            ],
            "max_sites": 104,
            "site_hist": [
              0, 100, 78, 66, 44, 31, 28, 16, 10, 10, 9, 7, 5, 4, 2, 2, 0, 1,
              1, 3, 0, 3, 1, 1, 1, 2, 3, 0, 0, 2, 1, 0, 0, 0, 1, 1, 1, 0, 0,
              0, 0, 0, 0, 1, 0, 0, 1, 0, 0, 1, 0, 1, 0, 0, 0, 0, 0, 1, 0, 0,
              0, 0, 0, 0, 0, 0, 0, 0, 0, 0, 0, 0, 0, 0, 0, 0, 0, 0, 0, 0, 0,
              0, 0, 0, 0, 0, 0, 0, 0, 0, 0, 0, 0, 0, 0, 0, 0, 0, 0, 0, 0, 0,
              0, 0, 1
            ]
          }, {
            "db": 0,
            "id": "MAZ_MOUSE.H11MO.1.A",
            "len": 11,
            "consensus": "RRGGGAGGGGS",
            "motif_evalue": 0,
            "motif_nsites": 486,
            "url": "http://hocomoco.autosome.ru/motif/MAZ_MOUSE.H11MO.1.A",
            "pwm": [
              [0.323029, 0.137884, 0.512293, 0.0267936], 
              [0.487604, 0.0453109, 0.36829, 0.0987953], 
              [0.0658802, 0.00622426, 0.921674, 0.00622174], 
              [5.01666e-05, 5.26929e-05, 0.989561, 0.0103361], 
              [0.00210736, 0.00622426, 0.989561, 0.00210736], 
              [0.648065, 0.30246, 5.26929e-05, 0.0494227], 
              [0.0288508, 0.00210988, 0.966932, 0.00210736], 
              [0.00416455, 5.26929e-05, 0.989561, 0.00622174], 
              [0.123482, 0.0165102, 0.837329, 0.0226793], 
              [0.123482, 0.00622426, 0.86613, 0.00416455], 
              [0.115253, 0.341546, 0.469092, 0.074109]
            ],
            "pvalue": "1.78e-7",
            "log_pvalue": -15.5439,
            "evalue": "9.43e-5",
            "log_evalue": -9.26914,
            "qvalue": "7.01e-6",
            "log_qvalue": -11.8683,
            "tp": 261,
            "fp": 179,
            "enr_ratio": 1.45556,
            "score_thresh": 7.33009,
            "total_sites": 261,
            "site_distr": [
              2, 0, 1, 0, 0, 0, 0, 0, 0, 0, 1, 0, 0, 0, 0, 0, 2, 0, 2, 0, 0,
              0, 1, 0, 0, 2, 0, 1, 0, 0, 0, 0, 2, 0, 0, 1, 0, 0, 0, 0, 0, 1,
              0, 1, 0, 0, 0, 0, 1, 0, 0, 0, 1, 0, 0, 0, 0, 0, 0, 1, 1, 1, 1,
              1, 1, 1, 0, 0, 1, 1, 2, 0, 0, 1, 2, 1, 0, 1, 0, 0, 0, 0, 0, 0,
              0, 0, 0, 0, 1, 0, 1, 1, 0, 0, 0, 4, 0, 2, 0, 0, 0, 1, 0, 0, 0,
              0, 1, 0, 2, 0, 0, 0, 0, 1, 1, 0, 0, 0, 0, 1, 1, 0, 0, 0, 0, 0,
              0, 1, 1, 2, 0, 0, 0, 0, 0, 0, 1, 0, 1, 1, 0, 0, 0, 2, 0, 0, 0,
              0, 0, 1, 0, 1, 0, 0, 1, 0, 1, 0, 0, 0, 0, 0, 0, 1, 0, 0, 1, 2,
              0, 0, 1, 1, 2, 1, 1, 2, 1, 0, 0, 0, 0, 0, 0, 2, 1, 0, 0, 1, 0,
              0, 1, 1, 0, 1, 0, 0, 1, 1, 0, 0, 0, 0, 1, 1, 0, 0, 0, 0, 1, 0,
              0, 0, 2, 0, 0, 0, 0, 0, 1, 0, 0, 2, 0, 0, 2, 1, 1, 0, 1, 1, 2,
              0, 1, 2, 1, 1, 1, 2, 0, 4, 3, 0, 1, 1, 0, 2, 0, 2, 3, 0, 0, 0,
              1, 1, 0, 1, 0, 2, 0, 1, 0, 1, 0, 2, 1, 3, 0, 1, 0, 0, 2, 3, 1,
              1, 2, 1, 1, 1, 1, 1, 0, 1, 3, 0, 2, 1, 0, 1, 1, 0, 0, 0, 1, 0,
              1, 2, 0, 1, 1, 0, 0, 0, 1, 1, 0, 1, 0, 0, 1, 1, 0, 0, 0, 0, 2,
              0, 0, 0, 1, 0, 1, 1, 0, 2, 0, 0, 0, 0, 1, 0, 0, 1, 0, 1, 1, 1,
              0, 1, 1, 0, 2, 0, 0, 0, 0, 1, 0, 0, 0, 2, 0, 0, 1, 2, 0, 1, 1,
              0, 0, 0, 0, 1, 2, 0, 0, 1, 0, 0, 0, 0, 0, 0, 0, 0, 2, 0, 2, 0,
              0, 0, 1, 0, 0, 0, 0, 0, 0, 1, 0, 0, 1, 0, 0, 0, 0, 1, 1, 0, 0,
              1, 0, 1, 0, 1, 1, 0, 0, 0, 0, 0, 0, 0, 0, 0, 1, 1, 0, 1, 0, 0,
              0, 1, 1, 1, 1, 0, 0, 1, 2, 1, 1, 0, 0, 1, 1, 0, 0, 0, 1, 0, 0,
              0, 0, 0, 0, 0, 2, 0, 0, 0, 0, 0, 2, 0, 0, 0, 1, 0, 0, 1, 1, 0,
              0, 0, 0, 0, 2, 1, 1, 0, 2, 0, 1, 1, 0, 0, 1, 1, 0, 0, 1, 1, 1,
              3, 1, 0, 3, 0, 1, 0
            ],
            "max_sites": 12,
            "site_hist": [0, 115, 52, 36, 20, 11, 9, 7, 3, 3, 1, 1, 3]
          }, {
            "db": 0,
            "id": "RXRA_MOUSE.H11MO.0.A",
            "len": 21,
            "consensus": "RRGRKSRDRAGKTCAAGGYCA",
            "motif_evalue": 0,
            "motif_nsites": 499,
            "url": "http://hocomoco.autosome.ru/motif/RXRA_MOUSE.H11MO.0.A",
            "pwm": [
              [0.396763, 0.0761884, 0.384744, 0.142305], 
              [0.240482, 0.11025, 0.448859, 0.20041], 
              [0.202413, 0.156333, 0.533011, 0.108244], 
              [0.310608, 0.136297, 0.380737, 0.172359], 
              [0.130283, 0.206423, 0.224455, 0.438839], 
              [0.17837, 0.422812, 0.234473, 0.164345], 
              [0.418803, 0.192398, 0.248499, 0.140301], 
              [0.308604, 0.142307, 0.358697, 0.190391], 
              [0.394759, 0.08821, 0.494942, 0.0220885], 
              [0.821528, 0.022091, 0.146315, 0.0100669], 
              [0.0561498, 0.00806575, 0.905681, 0.030103], 
              [0.0180813, 0.0481379, 0.390755, 0.543026], 
              [0.030103, 0.0581559, 0.0541487, 0.857592], 
              [0.0100669, 0.911692, 0.0681739, 0.0100669], 
              [0.909686, 0.0240946, 0.0381198, 0.0280994], 
              [0.773441, 0.0501415, 0.126279, 0.050139], 
              [0.10624, 0.022091, 0.835555, 0.0361138], 
              [0.0601571, 0.0281018, 0.857595, 0.0541462], 
              [0.0801931, 0.264527, 0.130286, 0.524994], 
              [0.0341102, 0.741386, 0.102235, 0.122269], 
              [0.701311, 0.0581559, 0.128282, 0.112251]
            ],
            "pvalue": "2.36e-7",
            "log_pvalue": -15.2576,
            "evalue": "1.26e-4",
            "log_evalue": -8.98281,
            "qvalue": "8.40e-6",
            "log_qvalue": -11.6874,
            "tp": 154,
            "fp": 85,
            "enr_ratio": 1.80233,
            "score_thresh": 8.68643,
            "total_sites": 154,
            "site_distr": [
              0, 1, 2, 0, 0, 0, 1, 0, 1, 0, 0, 0, 0, 1, 2, 0, 0, 0, 0, 0, 0,
              1, 0, 0, 0, 0, 2, 0, 0, 0, 0, 0, 0, 2, 1, 2, 0, 0, 0, 0, 0, 1,
              0, 0, 0, 1, 0, 1, 1, 0, 0, 0, 0, 0, 0, 0, 1, 1, 0, 1, 0, 0, 0,
              0, 1, 0, 0, 0, 1, 1, 1, 0, 0, 0, 2, 0, 0, 0, 0, 0, 0, 0, 0, 0,
              1, 1, 0, 0, 1, 0, 0, 0, 0, 0, 1, 0, 1, 0, 0, 0, 0, 0, 0, 0, 0,
              0, 0, 0, 1, 1, 0, 0, 1, 0, 1, 0, 2, 0, 1, 1, 1, 0, 0, 0, 0, 0,
              0, 1, 0, 0, 3, 1, 0, 0, 0, 1, 0, 0, 0, 1, 0, 0, 0, 0, 1, 0, 0,
              0, 1, 0, 0, 0, 0, 0, 0, 0, 0, 1, 0, 0, 0, 0, 0, 0, 0, 1, 1, 0,
              1, 1, 0, 0, 0, 1, 1, 1, 1, 0, 0, 0, 0, 1, 0, 1, 0, 0, 0, 1, 0,
              0, 0, 2, 0, 1, 1, 0, 1, 0, 0, 0, 0, 0, 1, 0, 1, 0, 0, 0, 0, 0,
              0, 1, 0, 0, 0, 0, 0, 0, 0, 1, 1, 0, 1, 0, 0, 2, 0, 0, 0, 0, 0,
              0, 0, 0, 0, 0, 0, 0, 0, 0, 0, 0, 0, 1, 1, 0, 1, 0, 0, 0, 0, 0,
              0, 1, 0, 0, 1, 0, 0, 1, 0, 1, 0, 0, 1, 0, 0, 0, 0, 0, 0, 1, 2,
              1, 0, 0, 0, 1, 1, 0, 0, 0, 1, 1, 0, 0, 0, 0, 0, 0, 0, 0, 0, 0,
              0, 0, 1, 1, 0, 0, 2, 0, 0, 1, 0, 1, 1, 0, 1, 0, 0, 0, 1, 0, 1,
              0, 0, 0, 1, 0, 0, 0, 1, 0, 1, 0, 0, 1, 0, 0, 0, 0, 0, 0, 0, 1,
