<!DOCTYPE HTML>
<html>
  <head>
    <meta charset="UTF-8">
    <title>SEA results</title>
    <script type="text/javascript">
      //@JSON_VAR data
      var data = {
        "version": "5.5.0",
        "revision": "f2d477cd7042ca2aea22804f4c36acfd3765987b",
        "release": "Wed Sep 7 14:18:26 2022 -0700",
        "program": "SEA",
        "cmd": [
          "sea", "--verbosity", "1", "--oc", ".", "--thresh", "10.0",
          "--align", "center", "--p",
          "DARs_nearSexBiasedGenes_fWTvsmWT_M.bed.fa", "--m",
          "motif_db/MOUSE/HOCOMOCOv11_full_MOUSE_mono_meme_format.meme"
        ],
        "options": {
          "objfun": "Differential Enrichment",
          "test": "Fisher Exact Test",
          "order": 2,
          "seed": 0,
          "pseudocount": 0.1,
          "thresh_type": "evalue",
          "thresh": 10,
          "hofract": 0.1,
          "is_holdout": true,
          "strands": "both",
          "align": "center",
          "noseqs": "false"
        },
        "motif_dbs": [
          {
            "source": "motif_db/MOUSE/HOCOMOCOv11_full_MOUSE_mono_meme_format.meme",
            "count": 531
          }
        ],
        "alphabet": {
          "name": "DNA",
          "like": "dna",
          "ncore": 4,
          "symbols": [
            {
              "symbol": "A",
              "name": "Adenine",
              "colour": "CC0000",
              "complement": "T"
            }, {
              "symbol": "C",
              "name": "Cytosine",
              "colour": "0000CC",
              "complement": "G"
            }, {
              "symbol": "G",
              "name": "Guanine",
              "colour": "FFB300",
              "complement": "C"
            }, {
              "symbol": "T",
              "aliases": "U",
              "name": "Thymine",
              "colour": "008000",
              "complement": "A"
            }, {
              "symbol": "N",
              "aliases": "X.",
              "name": "Any base",
              "equals": "ACGT"
            }, {
              "symbol": "V",
              "name": "Not T",
              "equals": "ACG"
            }, {
              "symbol": "H",
              "name": "Not G",
              "equals": "ACT"
            }, {
              "symbol": "D",
              "name": "Not C",
              "equals": "AGT"
            }, {
              "symbol": "B",
              "name": "Not A",
              "equals": "CGT"
            }, {
              "symbol": "M",
              "name": "Amino",
              "equals": "AC"
            }, {
              "symbol": "R",
              "name": "Purine",
              "equals": "AG"
            }, {
              "symbol": "W",
              "name": "Weak",
              "equals": "AT"
            }, {
              "symbol": "S",
              "name": "Strong",
              "equals": "CG"
            }, {
              "symbol": "Y",
              "name": "Pyrimidine",
              "equals": "CT"
            }, {
              "symbol": "K",
              "name": "Keto",
              "equals": "GT"
            }
          ]
        },
        "background": {
          "source": "--control--",
          "frequencies": [0.2497, 0.2503, 0.2503, 0.2497]
        },
        "sequence_db": {
          "source": "DARs_nearSexBiasedGenes_fWTvsmWT_M.bed.fa",
          "count": 1164,
          "maxlen": 500,
          "holdout": 116
        },
        "control_db": {
          "from": "shuffled",
          "count": 1164,
          "holdout": 116
        },
        "motifs": [
          {
            "db": 0,
            "id": "STAT1_MOUSE.H11MO.0.A",
            "len": 22,
            "consensus": "RRRAAAHWGAAASTVAARVARR",
            "motif_evalue": 0,
            "motif_nsites": 500,
            "url": "http://hocomoco.autosome.ru/motif/STAT1_MOUSE.H11MO.0.A",
            "pwm": [
              [0.475955, 0.0940312, 0.329984, 0.10003], 
              [0.367976, 0.0740352, 0.507948, 0.0500399], 
              [0.357978, 0.0420416, 0.583933, 0.0160467], 
              [0.723905, 0.0180464, 0.244001, 0.0140471], 
              [0.929864, 0.0360428, 0.0340432, 4.99362e-05], 
              [0.843881, 0.0340432, 0.0840332, 0.0380423], 
              [0.341982, 0.329984, 0.142022, 0.186013], 
              [0.331984, 0.112028, 0.160018, 0.395971], 
              [0.146021, 0.0120476, 0.837882, 0.00404914], 
              [0.909868, 0.0160468, 0.0520396, 0.0220455], 
              [0.931864, 0.020046, 0.0440412, 0.00404914], 
              [0.923865, 0.0140472, 0.0460408, 0.0160467], 
              [0.20001, 0.50195, 0.253999, 0.0440411], 
              [0.176015, 0.230004, 0.0580384, 0.535943], 
              [0.228004, 0.236003, 0.389972, 0.146021], 
              [0.737902, 0.0940312, 0.0780344, 0.0900319], 
              [0.553939, 0.146021, 0.162018, 0.138022], 
              [0.507948, 0.0940312, 0.303989, 0.0940311], 
              [0.216007, 0.287992, 0.371976, 0.124025], 
              [0.485953, 0.20201, 0.122026, 0.190012], 
              [0.421966, 0.164017, 0.238002, 0.176015], 
              [0.479954, 0.112028, 0.271996, 0.136023]
            ],
            "pvalue": "3.87e-18",
            "log_pvalue": -40.0922,
            "evalue": "2.06e-15",
            "log_evalue": -33.8174,
            "qvalue": "9.76e-16",
            "log_qvalue": -34.5631,
            "tp": 654,
            "fp": 457,
            "enr_ratio": 1.43013,
            "score_thresh": 6.34789,
            "total_sites": 654,
            "site_distr": [
              0, 2, 5, 2, 1, 0, 2, 1, 1, 6, 4, 0, 3, 1, 2, 0, 1, 3, 0, 3, 0,
              1, 1, 1, 1, 2, 2, 2, 2, 2, 3, 1, 2, 3, 0, 0, 3, 4, 4, 1, 3, 4,
              1, 2, 1, 1, 4, 0, 1, 0, 2, 0, 1, 2, 0, 2, 3, 0, 1, 1, 0, 1, 3,
              2, 3, 1, 2, 1, 1, 0, 3, 1, 2, 2, 0, 3, 1, 3, 0, 1, 2, 3, 0, 2,
              0, 3, 7, 0, 0, 0, 3, 0, 2, 2, 6, 3, 5, 3, 2, 1, 2, 2, 2, 1, 3,
              3, 1, 0, 3, 1, 2, 1, 3, 2, 3, 2, 2, 1, 2, 3, 0, 2, 0, 4, 0, 0,
              1, 3, 1, 0, 1, 1, 1, 1, 0, 0, 4, 5, 1, 2, 0, 2, 1, 3, 2, 3, 1,
              1, 0, 2, 1, 3, 1, 2, 2, 2, 2, 1, 2, 3, 2, 3, 2, 2, 0, 1, 1, 0,
              2, 1, 4, 3, 1, 0, 0, 1, 0, 3, 0, 0, 0, 0, 0, 4, 0, 2, 3, 2, 1,
              1, 0, 0, 1, 1, 1, 0, 0, 0, 0, 1, 0, 0, 1, 2, 0, 1, 1, 0, 0, 0,
              0, 1, 0, 1, 2, 1, 0, 0, 0, 1, 1, 1, 0, 0, 0, 0, 1, 0, 1, 0, 1,
              0, 0, 1, 0, 2, 0, 0, 1, 0, 1, 1, 1, 0, 1, 1, 0, 0, 1, 0, 0, 1,
              2, 0, 1, 0, 1, 1, 1, 0, 4, 0, 0, 0, 1, 0, 2, 0, 1, 1, 0, 2, 3,
              0, 0, 1, 1, 3, 0, 0, 1, 0, 0, 0, 2, 0, 2, 0, 2, 0, 0, 1, 1, 0,
              2, 0, 1, 0, 2, 1, 0, 1, 0, 2, 1, 0, 1, 2, 2, 1, 1, 2, 0, 0, 0,
              2, 1, 1, 3, 2, 2, 0, 1, 0, 2, 3, 0, 2, 2, 1, 3, 0, 1, 0, 2, 2,
              2, 3, 0, 0, 0, 0, 3, 1, 1, 3, 1, 1, 0, 2, 0, 0, 1, 1, 0, 3, 3,
              2, 1, 2, 0, 0, 1, 0, 2, 3, 1, 0, 2, 2, 6, 3, 3, 0, 2, 0, 1, 1,
              1, 0, 3, 5, 2, 5, 1, 2, 1, 0, 2, 1, 3, 1, 1, 1, 2, 3, 3, 1, 3,
              3, 1, 0, 1, 2, 0, 0, 1, 3, 1, 2, 0, 0, 2, 3, 3, 0, 2, 0, 2, 3,
              0, 1, 1, 1, 1, 2, 2, 0, 2, 0, 0, 2, 4, 0, 2, 2, 0, 1, 3, 3, 1,
              0, 2, 1, 1, 3, 1, 2, 4, 2, 0, 3, 3, 2, 1, 4, 2, 4, 3, 1, 0, 3,
              2, 2, 2, 1, 0, 3, 1, 1, 1, 2, 1, 1, 3, 0, 1, 1, 2
            ],
            "max_sites": 52,
            "site_hist": [
              0, 246, 131, 97, 46, 31, 18, 25, 9, 8, 4, 5, 5, 9, 3, 1, 0, 3,
              0, 3, 3, 0, 1, 1, 0, 1, 0, 0, 1, 0, 0, 0, 1, 0, 0, 0, 1, 0, 0,
              0, 0, 0, 0, 0, 0, 0, 0, 0, 0, 0, 0, 0, 1
            ]
          }, {
            "db": 0,
            "id": "MAZ_MOUSE.H11MO.0.A",
            "len": 22,
            "consensus": "GGGGGAGGGGGDGRGRRRGRRG",
            "motif_evalue": 0,
            "motif_nsites": 500,
            "url": "http://hocomoco.autosome.ru/motif/MAZ_MOUSE.H11MO.0.A",
            "pwm": [
              [0.216007, 0.144021, 0.503949, 0.136023], 
              [0.283993, 0.0240452, 0.65192, 0.0400419], 
              [0.30199, 0.0120476, 0.673915, 0.0120475], 
              [0.0820335, 0.0180464, 0.865877, 0.0340431], 
              [0.0520395, 0.112028, 0.825885, 0.0100479], 
              [0.64792, 0.0880324, 0.0260448, 0.238002], 
              [0.0540391, 0.010048, 0.905869, 0.0300439], 
              [0.114027, 0.020046, 0.85188, 0.0140471], 
              [0.265997, 0.0340432, 0.665917, 0.0340431], 
              [0.271996, 0.00804844, 0.679914, 0.0400419], 
              [0.114027, 0.20201, 0.655919, 0.0280443], 
              [0.317986, 0.134023, 0.331984, 0.216007], 
              [0.174015, 0.040042, 0.69791, 0.0880323], 
              [0.333983, 0.0540392, 0.553939, 0.0580383], 
              [0.190012, 0.120026, 0.64792, 0.0420415], 
              [0.365977, 0.0780344, 0.511948, 0.0440411], 
              [0.29999, 0.0720356, 0.569936, 0.0580383], 
              [0.329984, 0.134023, 0.455959, 0.0800339], 
              [0.259998, 0.0620376, 0.555939, 0.122026], 
              [0.273995, 0.204009, 0.445961, 0.0760347], 
              [0.355979, 0.106029, 0.429964, 0.108028], 
              [0.273995, 0.0980304, 0.561938, 0.0660367]
            ],
            "pvalue": "9.74e-18",
            "log_pvalue": -39.1704,
            "evalue": "5.17e-15",
            "log_evalue": -32.8957,
            "qvalue": "1.23e-15",
            "log_qvalue": -34.3345,
            "tp": 530,
            "fp": 338,
            "enr_ratio": 1.56637,
            "score_thresh": 7.64601,
            "total_sites": 530,
            "site_distr": [
              2, 0, 2, 2, 0, 0, 3, 1, 2, 4, 1, 1, 1, 1, 0, 0, 1, 1, 1, 1, 0,
              0, 0, 0, 1, 0, 0, 2, 1, 1, 0, 1, 2, 1, 3, 1, 1, 0, 0, 1, 2, 4,
              1, 0, 1, 0, 3, 2, 1, 0, 2, 1, 1, 2, 2, 1, 1, 0, 1, 0, 0, 1, 2,
              1, 2, 1, 1, 1, 1, 1, 3, 1, 0, 1, 2, 3, 0, 2, 2, 1, 0, 0, 0, 1,
              0, 0, 0, 1, 1, 1, 1, 2, 0, 1, 1, 0, 1, 3, 0, 3, 0, 1, 2, 3, 0,
              0, 0, 1, 1, 1, 3, 0, 0, 0, 3, 1, 2, 1, 1, 0, 1, 0, 1, 1, 1, 0,
              5, 0, 0, 4, 0, 1, 2, 0, 1, 2, 2, 1, 1, 2, 1, 0, 0, 1, 0, 1, 3,
              0, 1, 0, 1, 1, 1, 1, 2, 5, 0, 1, 1, 2, 3, 1, 2, 1, 1, 2, 3, 2,
              1, 1, 3, 1, 0, 0, 2, 0, 2, 0, 1, 0, 1, 2, 0, 0, 3, 1, 2, 3, 1,
              2, 1, 0, 1, 1, 0, 2, 1, 1, 2, 1, 0, 2, 3, 0, 0, 0, 1, 2, 1, 5,
              0, 0, 1, 0, 1, 2, 1, 1, 1, 0, 1, 2, 1, 1, 1, 0, 1, 1, 0, 1, 0,
              6, 1, 3, 1, 4, 1, 3, 0, 2, 1, 2, 2, 1, 1, 1, 1, 0, 0, 1, 0, 2,
              2, 0, 2, 2, 0, 2, 1, 1, 1, 3, 0, 1, 2, 1, 1, 0, 0, 1, 1, 1, 2,
              1, 2, 1, 1, 2, 2, 2, 1, 1, 1, 0, 2, 0, 3, 2, 1, 0, 2, 0, 1, 1,
              1, 1, 1, 1, 0, 1, 0, 0, 0, 2, 2, 0, 0, 0, 0, 2, 0, 0, 1, 1, 1,
              0, 1, 1, 1, 1, 1, 0, 0, 0, 3, 0, 3, 0, 0, 0, 1, 1, 0, 0, 2, 0,
              2, 0, 1, 1, 0, 1, 0, 0, 2, 2, 2, 0, 0, 1, 0, 3, 0, 0, 1, 0, 1,
              2, 1, 1, 0, 2, 0, 2, 1, 1, 2, 0, 0, 1, 0, 2, 1, 1, 0, 1, 4, 2,
              1, 2, 1, 1, 2, 2, 2, 1, 0, 0, 2, 0, 2, 0, 0, 0, 0, 0, 2, 0, 2,
              2, 1, 0, 0, 0, 1, 0, 1, 2, 2, 1, 1, 4, 1, 0, 2, 0, 0, 0, 3, 1,
              0, 1, 0, 1, 2, 1, 0, 2, 1, 2, 1, 1, 2, 0, 1, 1, 2, 0, 1, 2, 2,
              1, 0, 3, 1, 2, 3, 2, 1, 0, 1, 1, 1, 0, 0, 0, 2, 1, 4, 0, 2, 2,
              3, 2, 2, 0, 0, 0, 1, 2, 3, 3, 0, 1, 1, 1, 2, 2, 1
            ],
            "max_sites": 165,
            "site_hist": [
              0, 148, 81, 59, 42, 26, 22, 15, 17, 14, 7, 11, 7, 6, 3, 4, 5, 4,
              7, 4, 6, 2, 4, 1, 1, 0, 2, 4, 0, 3, 0, 0, 2, 1, 3, 1, 1, 0, 1,
              3, 1, 0, 0, 0, 0, 2, 1, 0, 1, 0, 0, 0, 0, 0, 1, 0, 1, 0, 0, 0,
              1, 0, 0, 0, 0, 0, 0, 1, 0, 0, 0, 0, 0, 0, 0, 0, 0, 0, 0, 0, 0,
              0, 0, 0, 0, 0, 0, 0, 0, 0, 0, 0, 0, 0, 0, 0, 0, 0, 0, 0, 0, 0,
              0, 0, 0, 0, 0, 0, 0, 0, 0, 0, 1, 0, 0, 0, 0, 0, 1, 0, 0, 0, 0,
              0, 0, 0, 0, 0, 1, 0, 0, 0, 0, 0, 0, 0, 0, 0, 0, 0, 0, 0, 0, 0,
              0, 0, 0, 0, 0, 0, 0, 0, 0, 0, 0, 0, 0, 0, 0, 0, 0, 0, 0, 0, 0,
              1
            ]
          }, {
            "db": 0,
            "id": "SP1_MOUSE.H11MO.0.A",
            "len": 24,
            "consensus": "GGVGGGGGVGGGGGMGGGGCSGGG",
            "motif_evalue": 0,
            "motif_nsites": 489,
            "url": "http://hocomoco.autosome.ru/motif/SP1_MOUSE.H11MO.0.A",
            "pwm": [
              [0.0593436, 0.141127, 0.713607, 0.0859231], 
              [0.12477, 0.155439, 0.650225, 0.0695665], 
              [0.231088, 0.263801, 0.453946, 0.0511654], 
              [0.139082, 0.177929, 0.629779, 0.0532099], 
              [0.134993, 0.112503, 0.725874, 0.0266305], 
              [0.239266, 0.118636, 0.552086, 0.0900122], 
              [0.157483, 0.0491209, 0.738142, 0.0552545], 
              [0.157483, 0.243355, 0.570487, 0.0286751], 
              [0.398743, 0.239266, 0.224954, 0.137037], 
              [0.171795, 0.0879678, 0.717696, 0.0225413], 
              [0.130904, 0.0552546, 0.770855, 0.0429871], 
              [0.175884, 0.05321, 0.736097, 0.0348088], 
              [0.114547, 0.0491209, 0.799479, 0.0368533], 
              [0.0491208, 0.0164077, 0.926242, 0.00822935], 
              [0.310826, 0.611378, 0.0143632, 0.0634328], 
              [0.0654774, 0.0123186, 0.913975, 0.00822935], 
              [0.0409425, 0.0225415, 0.928287, 0.00822935], 
              [0.257667, 0.0286752, 0.695206, 0.0184522], 
              [0.0348088, 0.0184523, 0.930331, 0.0164076], 
              [0.249489, 0.58071, 0.116592, 0.0532099], 
              [0.179973, 0.384431, 0.347628, 0.0879676], 
              [0.116592, 0.0777449, 0.684983, 0.120681], 
              [0.118636, 0.128859, 0.715651, 0.0368533], 
              [0.157483, 0.118636, 0.699295, 0.0245859]
            ],
            "pvalue": "1.38e-15",
            "log_pvalue": -34.2156,
            "evalue": "7.34e-13",
            "log_evalue": -27.9408,
            "qvalue": "1.16e-13",
            "log_qvalue": -29.7851,
            "tp": 579,
            "fp": 398,
            "enr_ratio": 1.45363,
            "score_thresh": 3.89412,
            "total_sites": 579,
            "site_distr": [
              2, 3, 0, 0, 2, 1, 2, 1, 0, 3, 0, 0, 0, 3, 0, 0, 0, 0, 0, 1, 1,
              1, 1, 0, 1, 0, 1, 1, 1, 2, 1, 2, 1, 2, 0, 2, 3, 0, 1, 1, 2, 3,
              1, 4, 3, 1, 1, 1, 4, 1, 1, 3, 1, 0, 0, 0, 2, 3, 1, 0, 1, 2, 3,
              1, 0, 1, 0, 1, 1, 1, 2, 0, 1, 2, 2, 0, 1, 1, 0, 0, 2, 2, 0, 0,
              1, 2, 2, 0, 1, 2, 2, 1, 1, 1, 2, 0, 2, 1, 1, 2, 0, 1, 0, 2, 2,
              0, 0, 1, 4, 0, 0, 1, 0, 0, 1, 1, 0, 1, 2, 1, 1, 0, 0, 2, 0, 1,
              1, 1, 3, 0, 0, 0, 0, 2, 2, 0, 1, 1, 0, 2, 2, 1, 0, 0, 0, 0, 2,
              0, 0, 0, 1, 2, 1, 1, 2, 4, 1, 1, 0, 1, 0, 1, 1, 3, 0, 3, 0, 1,
              0, 1, 1, 3, 2, 2, 0, 0, 0, 1, 0, 1, 0, 1, 2, 1, 1, 3, 2, 3, 2,
              0, 4, 1, 1, 2, 3, 0, 5, 1, 3, 2, 4, 1, 1, 2, 1, 3, 3, 3, 1, 2,
              1, 2, 5, 0, 3, 1, 1, 1, 1, 1, 1, 1, 2, 3, 3, 4, 0, 1, 4, 4, 4,
              2, 2, 2, 1, 0, 1, 4, 4, 2, 1, 1, 3, 2, 1, 2, 1, 1, 1, 2, 1, 0,
              2, 0, 2, 2, 4, 2, 3, 3, 1, 2, 2, 0, 1, 0, 3, 2, 1, 2, 1, 1, 1,
              3, 2, 2, 1, 1, 2, 0, 0, 0, 2, 6, 1, 0, 1, 4, 1, 0, 2, 0, 3, 2,
              0, 0, 0, 1, 1, 2, 2, 0, 1, 1, 0, 2, 0, 1, 1, 2, 0, 2, 0, 0, 0,
              0, 0, 0, 1, 1, 1, 1, 0, 0, 0, 2, 0, 2, 4, 2, 0, 1, 0, 0, 1, 0,
              0, 0, 0, 1, 0, 2, 4, 1, 0, 1, 1, 1, 1, 0, 0, 0, 0, 0, 0, 1, 0,
              1, 1, 0, 0, 1, 1, 0, 2, 0, 0, 2, 2, 0, 0, 1, 0, 0, 2, 1, 2, 0,
              0, 1, 0, 0, 3, 1, 1, 3, 0, 0, 1, 1, 1, 4, 0, 1, 1, 2, 1, 1, 1,
              3, 1, 0, 2, 0, 3, 1, 1, 3, 0, 4, 1, 2, 3, 2, 0, 2, 2, 0, 4, 0,
              2, 0, 1, 0, 3, 0, 0, 0, 1, 0, 0, 0, 1, 2, 2, 0, 2, 0, 1, 1, 1,
              1, 1, 1, 1, 1, 0, 1, 2, 0, 2, 0, 0, 1, 1, 1, 1, 2, 0, 1, 0, 1,
              3, 3, 0, 0, 1, 0, 2, 0, 1, 2, 2, 4, 3, 1, 5
            ],
            "max_sites": 164,
            "site_hist": [
              0, 157, 75, 58, 36, 29, 11, 15, 15, 20, 6, 10, 7, 6, 9, 5, 3,
              10, 4, 5, 3, 3, 1, 2, 4, 5, 4, 6, 1, 3, 3, 0, 0, 2, 1, 2, 1, 1,
              1, 1, 5, 1, 1, 3, 0, 2, 3, 2, 0, 2, 2, 2, 2, 1, 0, 0, 0, 0, 1,
              2, 0, 1, 0, 0, 0, 0, 0, 0, 0, 0, 1, 2, 1, 0, 0, 0, 0, 2, 0, 0,
              1, 0, 1, 1, 1, 1, 0, 0, 0, 0, 1, 1, 0, 0, 0, 0, 0, 0, 0, 0, 3,
              0, 0, 0, 0, 0, 0, 1, 0, 0, 0, 0, 0, 0, 0, 0, 0, 0, 0, 1, 2, 1,
              0, 1, 0, 0, 0, 0, 0, 0, 0, 0, 0, 0, 0, 0, 0, 0, 0, 0, 0, 0, 0,
              0, 0, 0, 0, 0, 0, 0, 0, 0, 0, 0, 0, 0, 0, 0, 0, 1, 0, 0, 0, 0,
              1
            ]
          }, {
            "db": 0,
            "id": "ZN281_MOUSE.H11MO.0.A",
            "len": 15,
            "consensus": "GGGGTGGGGGAGGGG",
            "motif_evalue": 0,
            "motif_nsites": 500,
            "url": "http://hocomoco.autosome.ru/motif/ZN281_MOUSE.H11MO.0.A",
            "pwm": [
              [0.166017, 0.158018, 0.595931, 0.0800339], 
              [0.142022, 0.160018, 0.59993, 0.0980303], 
              [0.136023, 0.106029, 0.673915, 0.0840331], 
              [0.132024, 0.0680364, 0.615927, 0.184013], 
              [0.108028, 0.0280444, 0.236003, 0.627924], 
              [4.99362e-05, 5.00438e-05, 0.99985, 4.99362e-05], 
              [0.00804834, 5.00438e-05, 0.991852, 4.99362e-05], 
              [0.0120475, 5.00438e-05, 0.987852, 4.99362e-05], 
              [4.99362e-05, 5.00438e-05, 0.99985, 4.99362e-05], 
              [4.99362e-05, 5.00438e-05, 0.99985, 4.99362e-05], 
              [0.791892, 0.0380424, 0.00404924, 0.166017], 
              [0.0500399, 5.00438e-05, 0.865877, 0.0840331], 
              [0.00204954, 5.00438e-05, 0.99785, 4.99362e-05], 
              [0.00404914, 5.00438e-05, 0.985853, 0.0100479], 
              [0.0180463, 0.00604884, 0.957858, 0.0180463]
            ],
            "pvalue": "3.23e-14",
            "log_pvalue": -31.0651,
            "evalue": "1.71e-11",
            "log_evalue": -24.7904,
            "qvalue": "2.03e-12",
            "log_qvalue": -26.9224,
            "tp": 62,
            "fp": 5,
            "enr_ratio": 10.5,
            "score_thresh": 14.2964,
            "total_sites": 62,
            "site_distr": [
              0, 0, 0, 0, 0, 0, 0, 0, 0, 0, 0, 0, 0, 0, 0, 0, 0, 0, 0, 0, 0,
              0, 0, 0, 0, 0, 0, 0, 0, 0, 0, 0, 0, 0, 1, 0, 0, 0, 0, 0, 0, 0,
              0, 0, 0, 0, 0, 0, 0, 0, 0, 0, 0, 0, 0, 0, 0, 0, 0, 1, 0, 0, 0,
              0, 0, 0, 0, 0, 0, 0, 0, 0, 0, 0, 0, 0, 0, 1, 0, 0, 0, 0, 1, 0,
              0, 0, 0, 0, 0, 0, 0, 0, 0, 0, 0, 0, 0, 0, 0, 1, 0, 0, 0, 0, 0,
              0, 0, 0, 0, 0, 0, 0, 0, 0, 0, 0, 0, 0, 0, 0, 0, 0, 0, 0, 0, 1,
              0, 0, 0, 0, 0, 1, 0, 0, 1, 0, 2, 0, 0, 0, 0, 0, 0, 0, 0, 0, 0,
              0, 0, 0, 0, 1, 0, 0, 0, 0, 1, 0, 0, 0, 0, 1, 0, 1, 0, 0, 0, 0,
              0, 0, 0, 0, 0, 1, 0, 1, 0, 1, 0, 0, 0, 0, 0, 0, 0, 1, 0, 0, 0,
              0, 1, 2, 1, 0, 0, 0, 0, 0, 0, 0, 0, 0, 0, 0, 0, 0, 0, 0, 0, 0,
              1, 0, 0, 0, 0, 0, 0, 0, 0, 1, 0, 0, 0, 0, 0, 0, 0, 0, 0, 0, 0,
              0, 1, 0, 0, 0, 0, 0, 0, 0, 0, 0, 0, 0, 0, 0, 0, 0, 0, 0, 0, 0,
              0, 0, 1, 0, 0, 0, 0, 1, 0, 0, 0, 0, 0, 1, 0, 0, 0, 0, 0, 1, 0,
              0, 0, 0, 0, 1, 0, 0, 3, 0, 0, 0, 0, 0, 0, 0, 0, 0, 1, 0, 0, 0,
              0, 1, 0, 0, 0, 0, 0, 0, 0, 0, 0, 0, 0, 1, 0, 0, 0, 0, 0, 0, 0,
              0, 0, 0, 0, 0, 0, 0, 0, 0, 0, 0, 1, 0, 1, 0, 0, 0, 0, 0, 0, 1,
              0, 0, 0, 0, 0, 0, 0, 0, 0, 0, 0, 0, 0, 0, 0, 0, 0, 1, 0, 0, 0,
              2, 0, 0, 0, 0, 0, 0, 0, 0, 0, 0, 0, 0, 0, 0, 0, 0, 0, 0, 0, 0,
              0, 0, 0, 1, 0, 0, 0, 0, 0, 0, 0, 0, 0, 0, 0, 0, 0, 0, 0, 0, 0,
              0, 0, 1, 1, 0, 2, 0, 0, 0, 0, 0, 0, 0, 0, 0, 1, 0, 0, 1, 0, 1,
              0, 0, 0, 0, 0, 0, 0, 0, 0, 0, 0, 0, 0, 0, 0, 0, 0, 0, 0, 0, 0,
              1, 0, 0, 0, 0, 0, 0, 0, 0, 2, 0, 0, 0, 0, 0, 0, 0, 0, 0, 0, 0,
              0, 0, 0, 0, 1, 0, 0, 0, 0, 0, 0, 1, 1, 1, 1, 1, 0, 0, 1, 1, 0,
              1, 0, 0
            ],
            "max_sites": 3,
            "site_hist": [0, 45, 16, 1]
          }, {
            "db": 0,
            "id": "EGR2_MOUSE.H11MO.1.A",
            "len": 18,
            "consensus": "RKGHGKGGGHGGRRGDGG",
            "motif_evalue": 0,
            "motif_nsites": 499,
            "url": "http://hocomoco.autosome.ru/motif/EGR2_MOUSE.H11MO.1.A",
            "pwm": [
              [0.356692, 0.148317, 0.410789, 0.0842015], 
              [0.190393, 0.0781908, 0.458876, 0.272541], 
              [0.0842015, 0.0581547, 0.825536, 0.0321077], 
              [0.310609, 0.356692, 0.0421259, 0.290573], 
              [0.0421258, 0.0441295, 0.883641, 0.0301041], 
              [0.0341113, 0.0220898, 0.406782, 0.537017], 
              [0.158335, 0.00405736, 0.789471, 0.0481366], 
              [0.0301041, 0.00606096, 0.907684, 0.056151], 
              [0.0301041, 0.0140754, 0.951763, 0.00405725], 
              [0.444851, 0.264526, 0.0140754, 0.276548], 
              [0.0481366, 0.00205375, 0.899669, 0.0501402], 
              [0.0621618, 0.0381187, 0.731367, 0.168353], 
              [0.318623, 0.134292, 0.430826, 0.116259], 
              [0.288569, 0.0561511, 0.478912, 0.176367], 
              [0.192396, 0.134292, 0.565067, 0.108245], 
              [0.26653, 0.126277, 0.398768, 0.208425], 
              [0.174364, 0.104238, 0.587107, 0.134292], 
              [0.200411, 0.128281, 0.531006, 0.140302]
            ],
            "pvalue": "4.56e-14",
            "log_pvalue": -30.7195,
            "evalue": "2.42e-11",
            "log_evalue": -24.4447,
            "qvalue": "2.30e-12",
            "log_qvalue": -26.7998,
            "tp": 136,
            "fp": 42,
            "enr_ratio": 3.18605,
            "score_thresh": 12.6414,
            "total_sites": 136,
            "site_distr": [
              0, 0, 0, 0, 0, 0, 0, 1, 2, 0, 2, 0, 0, 0, 1, 0, 0, 2, 0, 0, 0,
              1, 0, 1, 0, 0, 1, 0, 0, 0, 0, 0, 1, 0, 0, 0, 0, 2, 0, 0, 0, 0,
              1, 0, 1, 0, 0, 0, 0, 0, 0, 0, 0, 1, 0, 0, 0, 0, 0, 0, 1, 0, 0,
              0, 1, 0, 1, 0, 0, 1, 0, 0, 0, 1, 0, 0, 1, 0, 0, 0, 0, 0, 0, 0,
              0, 0, 0, 0, 0, 0, 0, 0, 0, 0, 1, 0, 1, 0, 0, 0, 0, 0, 0, 0, 2,
              0, 0, 0, 0, 0, 0, 0, 0, 0, 0, 0, 0, 1, 0, 0, 0, 0, 1, 0, 0, 0,
              1, 0, 0, 1, 1, 2, 0, 0, 0, 0, 1, 2, 0, 1, 0, 0, 0, 1, 0, 1, 0,
              1, 0, 1, 0, 0, 0, 0, 0, 0, 0, 1, 0, 1, 0, 1, 2, 1, 2, 0, 1, 0,
              2, 0, 1, 0, 1, 1, 0, 0, 1, 0, 0, 0, 0, 0, 0, 0, 0, 0, 1, 0, 0,
              0, 0, 0, 0, 0, 1, 0, 0, 0, 1, 0, 0, 0, 0, 0, 0, 0, 0, 0, 1, 0,
              0, 1, 0, 0, 0, 0, 0, 0, 0, 0, 0, 0, 0, 1, 0, 0, 0, 2, 0, 1, 2,
              0, 0, 1, 1, 1, 0, 0, 1, 0, 0, 0, 0, 0, 0, 0, 0, 1, 0, 1, 2, 0,
              0, 1, 0, 0, 0, 0, 0, 0, 0, 1, 0, 0, 0, 0, 0, 0, 0, 0, 1, 3, 1,
              0, 0, 0, 0, 0, 0, 0, 1, 2, 0, 1, 0, 0, 0, 0, 2, 0, 0, 0, 0, 0,
              0, 0, 0, 0, 0, 1, 0, 0, 0, 1, 0, 0, 0, 0, 0, 0, 0, 0, 0, 0, 0,
              0, 0, 0, 1, 1, 0, 1, 1, 0, 0, 1, 0, 0, 0, 0, 0, 0, 0, 0, 0, 0,
              1, 0, 0, 0, 1, 0, 0, 0, 0, 1, 0, 0, 0, 0, 0, 0, 0, 2, 0, 0, 0,
              0, 0, 0, 0, 1, 1, 0, 0, 0, 0, 0, 0, 0, 0, 0, 0, 0, 0, 0, 0, 1,
              1, 0, 1, 0, 0, 0, 1, 0, 0, 1, 0, 0, 0, 0, 0, 0, 0, 0, 0, 0, 1,
              1, 1, 0, 1, 1, 0, 1, 0, 0, 0, 0, 1, 0, 0, 2, 0, 0, 0, 0, 0, 0,
              1, 0, 0, 0, 0, 0, 0, 0, 0, 0, 0, 0, 0, 0, 0, 0, 0, 0, 0, 0, 0,
              0, 0, 0, 1, 0, 0, 0, 0, 0, 0, 0, 0, 0, 0, 0, 0, 0, 0, 1, 2, 1,
              1, 0, 2, 1, 0, 1, 0, 0, 0, 0, 0, 0, 2, 1, 2, 0, 0, 1, 0, 0, 0
            ],
            "max_sites": 15,
            "site_hist": [0, 87, 27, 7, 3, 3, 4, 1, 3, 0, 0, 0, 0, 0, 0, 1]
          }, {
            "db": 0,
            "id": "HNF1A_MOUSE.H11MO.0.A",
            "len": 15,
            "consensus": "RGTTAATMWTTAMCM",
            "motif_evalue": 0,
            "motif_nsites": 174,
            "url": "http://hocomoco.autosome.ru/motif/HNF1A_MOUSE.H11MO.0.A",
            "pwm": [
              [0.346428, 0.0299711, 0.483126, 0.140476], 
              [0.0946004, 0.00756744, 0.867994, 0.0298382], 
              [0.00703687, 0.0887678, 0.0118096, 0.892386], 
              [0.0930096, 0.0155214, 0.00014375, 0.891325], 
              [0.974647, 0.0171122, 0.0038556, 0.00438555], 
              [0.747804, 0.104746, 0.0346809, 0.112769], 
              [0.0903583, 0.00915824, 0.00862797, 0.891856], 
              [0.400927, 0.22439, 0.197877, 0.176806], 
              [0.559756, 0.0250662, 0.0580125, 0.357166], 
              [0.0638451, 0.0229451, 0.0420346, 0.871175], 
              [0.0643753, 0.17329, 0.0118096, 0.750526], 
              [0.555179, 0.0601335, 0.192309, 0.192379], 
              [0.498356, 0.283069, 0.079293, 0.139282], 
              [0.189002, 0.569231, 0.0282477, 0.213519], 
              [0.356978, 0.368644, 0.148095, 0.126284]
            ],
            "pvalue": "3.41e-13",
            "log_pvalue": -28.7079,
            "evalue": "1.81e-10",
            "log_evalue": -22.4331,
            "qvalue": "1.43e-11",
            "log_qvalue": -24.9706,
            "tp": 367,
            "fp": 219,
            "enr_ratio": 1.67273,
            "score_thresh": 8.01985,
            "total_sites": 367,
            "site_distr": [
              1, 0, 0, 0, 1, 0, 1, 1, 0, 2, 2, 0, 1, 0, 0, 2, 1, 0, 1, 0, 0,
              0, 1, 1, 1, 0, 0, 0, 0, 0, 1, 1, 1, 1, 1, 0, 0, 1, 0, 1, 1, 2,
              2, 0, 0, 0, 1, 1, 1, 0, 0, 1, 0, 0, 0, 0, 0, 2, 0, 0, 0, 1, 0,
              1, 0, 0, 0, 0, 1, 1, 0, 0, 0, 0, 2, 0, 0, 1, 0, 1, 0, 0, 0, 0,
              0, 1, 1, 0, 1, 0, 0, 1, 0, 0, 1, 0, 1, 0, 0, 1, 0, 0, 0, 0, 1,
              0, 0, 1, 2, 0, 0, 0, 4, 0, 0, 1, 1, 2, 0, 0, 1, 2, 1, 0, 1, 1,
              3, 0, 1, 1, 1, 0, 1, 2, 0, 1, 0, 0, 0, 0, 1, 2, 3, 0, 0, 2, 2,
              0, 1, 0, 1, 0, 1, 0, 2, 0, 0, 4, 0, 2, 0, 0, 0, 0, 0, 0, 3, 2,
              2, 0, 0, 0, 0, 1, 1, 1, 0, 1, 2, 0, 2, 2, 2, 3, 0, 0, 1, 1, 0,
              1, 1, 0, 1, 2, 0, 1, 2, 0, 0, 0, 0, 1, 0, 1, 1, 0, 2, 1, 0, 1,
              2, 0, 0, 2, 0, 0, 1, 1, 0, 2, 0, 1, 4, 0, 1, 3, 0, 1, 2, 1, 1,
              0, 1, 1, 2, 0, 0, 0, 1, 1, 0, 1, 1, 1, 1, 0, 1, 1, 2, 0, 0, 1,
              2, 2, 1, 0, 3, 0, 2, 1, 1, 1, 1, 0, 2, 1, 1, 1, 0, 0, 0, 0, 0,
              4, 2, 0, 0, 1, 1, 1, 0, 0, 1, 1, 1, 1, 3, 1, 1, 0, 2, 1, 0, 2,
              1, 1, 1, 1, 1, 2, 0, 0, 0, 0, 0, 2, 1, 3, 1, 0, 2, 2, 0, 0, 0,
              0, 4, 0, 0, 1, 1, 1, 1, 1, 1, 1, 2, 2, 0, 1, 2, 1, 0, 0, 1, 3,
              2, 1, 1, 2, 0, 1, 1, 1, 1, 1, 0, 2, 1, 1, 1, 1, 0, 0, 3, 1, 2,
              0, 0, 1, 0, 2, 0, 2, 2, 1, 0, 0, 0, 1, 1, 1, 1, 1, 1, 0, 0, 0,
              1, 1, 2, 0, 1, 0, 1, 2, 0, 1, 0, 1, 0, 0, 0, 1, 1, 1, 0, 0, 2,
              1, 1, 0, 0, 0, 0, 0, 0, 0, 2, 0, 0, 0, 1, 0, 0, 1, 0, 0, 1, 1,
              3, 1, 1, 1, 0, 0, 1, 0, 0, 0, 0, 0, 1, 3, 0, 1, 1, 0, 1, 1, 1,
              1, 2, 0, 3, 0, 0, 0, 0, 2, 1, 0, 0, 2, 0, 1, 0, 1, 0, 1, 0, 1,
              3, 1, 0, 0, 0, 2, 1, 1, 1, 1, 0, 2, 1, 0, 1, 0, 1, 1, 2, 0, 0,
              1, 0, 0
            ],
            "max_sites": 8,
            "site_hist": [0, 217, 102, 25, 13, 7, 2, 0, 1]
          }, {
            "db": 0,
            "id": "SP2_MOUSE.H11MO.0.B",
            "len": 22,
            "consensus": "GGSSVGGGGGCGGGGCCDGSGS",
            "motif_evalue": 0,
            "motif_nsites": 499,
            "url": "http://hocomoco.autosome.ru/motif/SP2_MOUSE.H11MO.0.B",
            "pwm": [
              [0.12853, 0.25015, 0.56903, 0.0522894], 
              [0.180004, 0.246121, 0.52289, 0.0509848], 
              [0.150765, 0.282173, 0.504601, 0.0624607], 
              [0.154522, 0.318673, 0.420539, 0.106266], 
              [0.287964, 0.222105, 0.384326, 0.105605], 
              [0.175218, 0.100131, 0.656763, 0.0678879], 
              [0.140025, 0.0557865, 0.706024, 0.0981645], 
              [0.296016, 0.0549109, 0.63041, 0.0186632], 
              [0.0378357, 0.00428994, 0.918471, 0.0394035], 
              [0.0122182, 0.020887, 0.956785, 0.0101095], 
              [0.0434623, 0.889613, 0.0128507, 0.0540738], 
              [0.0324012, 0.016419, 0.900169, 0.0510108], 
              [0.0125961, 0.0201757, 0.934453, 0.0327754], 
              [0.0993413, 0.0869185, 0.785942, 0.0277984], 
              [0.220793, 0.177589, 0.581639, 0.0199781], 
              [0.103854, 0.604625, 0.218656, 0.0728647], 
              [0.0500971, 0.508073, 0.233441, 0.208389], 
              [0.201318, 0.190204, 0.392564, 0.215913], 
              [0.129686, 0.23698, 0.526476, 0.106858], 
              [0.18203, 0.257938, 0.465995, 0.0940357], 
              [0.150532, 0.185504, 0.589237, 0.074727], 
              [0.122748, 0.326351, 0.494871, 0.05603]
            ],
            "pvalue": "8.34e-13",
            "log_pvalue": -27.8129,
            "evalue": "4.43e-10",
            "log_evalue": -21.5382,
            "qvalue": "3.00e-11",
            "log_qvalue": -24.2298,
            "tp": 499,
            "fp": 340,
            "enr_ratio": 1.46628,
            "score_thresh": 5.76985,
            "total_sites": 499,
            "site_distr": [
              0, 1, 1, 2, 0, 1, 0, 0, 1, 0, 0, 0, 0, 0, 3, 0, 0, 0, 1, 0, 1,
              2, 0, 1, 2, 1, 1, 1, 1, 3, 0, 0, 0, 1, 1, 0, 0, 2, 1, 2, 1, 2,
              3, 0, 0, 1, 1, 2, 1, 1, 0, 1, 0, 0, 0, 0, 1, 2, 1, 1, 0, 0, 0,
              2, 0, 1, 2, 1, 1, 0, 0, 1, 0, 1, 0, 0, 1, 1, 1, 2, 1, 0, 0, 3,
              0, 1, 1, 0, 1, 0, 2, 0, 1, 0, 1, 1, 2, 1, 1, 2, 0, 0, 0, 0, 1,
              0, 2, 0, 4, 0, 0, 0, 1, 1, 0, 0, 0, 1, 0, 1, 0, 2, 1, 0, 1, 1,
              0, 1, 2, 1, 0, 1, 0, 2, 1, 1, 1, 0, 2, 0, 3, 0, 0, 1, 2, 0, 1,
              0, 0, 1, 3, 3, 2, 1, 0, 2, 1, 1, 1, 1, 0, 1, 0, 0, 0, 3, 1, 1,
              2, 4, 1, 0, 1, 3, 1, 0, 0, 0, 1, 1, 0, 1, 1, 0, 1, 1, 1, 1, 0,
              2, 0, 3, 2, 2, 2, 0, 4, 0, 3, 1, 3, 2, 2, 1, 2, 2, 1, 4, 1, 0,
              3, 2, 5, 0, 1, 0, 3, 1, 1, 2, 0, 0, 2, 2, 3, 0, 2, 2, 2, 3, 2,
              1, 5, 1, 2, 0, 3, 1, 1, 4, 2, 1, 1, 1, 1, 0, 2, 1, 1, 0, 2, 1,
              1, 3, 4, 1, 1, 4, 1, 3, 2, 1, 1, 0, 2, 1, 2, 0, 4, 2, 2, 1, 1,
              1, 2, 2, 4, 1, 1, 0, 2, 2, 2, 3, 0, 4, 0, 1, 0, 1, 3, 3, 2, 0,
              0, 3, 2, 0, 0, 3, 0, 1, 2, 0, 1, 1, 2, 1, 1, 1, 0, 1, 0, 0, 1,
              0, 1, 1, 2, 1, 0, 1, 1, 0, 1, 2, 1, 0, 0, 1, 1, 0, 1, 2, 2, 1,
              0, 0, 1, 1, 0, 1, 0, 0, 2, 0, 3, 0, 1, 1, 1, 2, 0, 0, 2, 0, 1,
              0, 0, 3, 1, 0, 0, 2, 1, 2, 0, 0, 1, 2, 0, 1, 0, 0, 1, 1, 0, 0,
              0, 1, 0, 2, 1, 3, 0, 0, 1, 0, 1, 1, 1, 0, 1, 0, 1, 2, 1, 3, 2,
              2, 1, 1, 0, 0, 1, 1, 1, 2, 0, 2, 0, 1, 2, 0, 1, 1, 1, 0, 0, 2,
              2, 1, 0, 0, 1, 0, 0, 2, 2, 1, 0, 3, 0, 1, 0, 0, 3, 0, 0, 1, 0,
              0, 0, 3, 4, 2, 1, 2, 0, 0, 0, 0, 1, 0, 0, 0, 0, 0, 1, 1, 1, 1,
              0, 1, 3, 1, 0, 2, 0, 1, 0, 1, 0, 1, 1, 2, 3, 4, 2
            ],
            "max_sites": 145,
            "site_hist": [
              0, 166, 76, 60, 24, 20, 18, 10, 7, 9, 7, 3, 3, 5, 3, 3, 4, 4, 3,
              3, 4, 3, 4, 1, 3, 1, 2, 5, 1, 2, 2, 1, 1, 1, 0, 1, 1, 0, 3, 1,
              0, 2, 0, 1, 2, 0, 1, 0, 1, 2, 0, 2, 0, 0, 2, 2, 0, 1, 1, 2, 0,
              1, 1, 0, 0, 1, 0, 0, 3, 0, 0, 0, 0, 0, 0, 0, 0, 0, 0, 0, 0, 0,
              1, 1, 1, 1, 1, 0, 0, 1, 0, 1, 0, 0, 0, 0, 0, 0, 0, 0, 0, 1, 0,
              0, 0, 0, 0, 0, 0, 0, 0, 0, 0, 0, 0, 0, 0, 0, 0, 0, 0, 0, 0, 0,
              0, 0, 0, 0, 0, 0, 0, 0, 0, 0, 0, 0, 0, 0, 0, 0, 0, 0, 0, 0, 0,
              1
            ]
          }, {
            "db": 0,
            "id": "ZFHX3_MOUSE.H11MO.0.D",
            "len": 11,
            "consensus": "ATTAWTAATTA",
            "motif_evalue": 0,
            "motif_nsites": 7,
            "url": "http://hocomoco.autosome.ru/motif/ZFHX3_MOUSE.H11MO.0.D",
            "pwm": [
              [0.589589, 0.0637753, 0.282868, 0.0637677], 
              [0.00351734, 0.00352491, 0.00352491, 0.989433], 
              [0.113064, 0.00352491, 0.13498, 0.748431], 
              [0.857977, 0.00352491, 0.13498, 0.00351734], 
              [0.551248, 0.00352491, 0.00352491, 0.441702], 
              [0.00351734, 0.00352491, 0.00352491, 0.989433], 
              [0.660794, 0.113071, 0.00352491, 0.22261], 
              [0.989433, 0.00352491, 0.00352491, 0.00351734], 
              [0.00351734, 0.200708, 0.00352491, 0.79225], 
              [0.00351734, 0.00352491, 0.00352491, 0.989433], 
              [0.666272, 0.0309115, 0.0309115, 0.271905]
            ],
            "pvalue": "1.40e-12",
            "log_pvalue": -27.2978,
            "evalue": "7.41e-10",
            "log_evalue": -21.0231,
            "qvalue": "4.39e-11",
            "log_qvalue": -23.8482,
            "tp": 298,
            "fp": 165,
            "enr_ratio": 1.8012,
            "score_thresh": 7.89578,
            "total_sites": 298,
            "site_distr": [
              0, 0, 0, 2, 0, 2, 0, 1, 1, 1, 0, 0, 1, 2, 1, 0, 1, 0, 0, 0, 0,
              2, 1, 0, 1, 0, 1, 0, 1, 0, 1, 0, 0, 0, 1, 0, 0, 1, 2, 1, 1, 0,
              1, 0, 0, 1, 0, 2, 1, 0, 1, 0, 0, 1, 0, 1, 0, 2, 0, 0, 1, 0, 0,
              0, 0, 0, 1, 1, 0, 0, 3, 2, 0, 2, 0, 1, 0, 1, 0, 1, 0, 0, 0, 0,
              1, 1, 1, 1, 1, 0, 0, 0, 0, 1, 0, 0, 0, 1, 0, 1, 1, 1, 2, 0, 0,
              1, 0, 0, 1, 0, 1, 0, 0, 0, 0, 0, 0, 0, 1, 1, 1, 2, 0, 1, 2, 1,
              0, 1, 0, 1, 0, 1, 1, 1, 0, 1, 1, 1, 1, 0, 0, 1, 0, 1, 0, 1, 0,
              0, 0, 0, 0, 3, 1, 0, 1, 1, 0, 1, 1, 0, 1, 0, 0, 3, 1, 1, 1, 1,
              0, 0, 0, 0, 1, 0, 1, 0, 0, 0, 1, 0, 1, 2, 0, 0, 0, 0, 0, 0, 1,
              0, 0, 1, 0, 0, 1, 0, 1, 0, 0, 0, 0, 1, 1, 3, 1, 0, 0, 0, 0, 0,
              0, 1, 0, 0, 0, 0, 1, 1, 0, 1, 0, 1, 0, 2, 1, 0, 1, 0, 0, 0, 1,
              1, 0, 0, 0, 1, 1, 1, 0, 1, 0, 0, 0, 0, 1, 0, 0, 1, 0, 1, 0, 1,
              1, 0, 0, 0, 0, 0, 1, 1, 2, 1, 1, 0, 0, 2, 0, 1, 0, 0, 1, 0, 0,
              0, 2, 1, 0, 1, 0, 0, 1, 0, 0, 0, 0, 2, 2, 1, 1, 1, 0, 1, 0, 2,
              1, 0, 1, 0, 2, 1, 0, 0, 1, 1, 0, 1, 0, 1, 0, 0, 2, 1, 0, 0, 0,
              1, 0, 1, 0, 2, 0, 0, 2, 0, 0, 1, 0, 1, 1, 3, 1, 0, 2, 3, 0, 0,
              2, 1, 2, 1, 0, 1, 0, 1, 2, 2, 0, 1, 0, 1, 2, 0, 1, 0, 0, 1, 0,
              0, 2, 0, 1, 2, 2, 0, 0, 1, 1, 1, 0, 2, 3, 0, 0, 1, 1, 0, 0, 1,
              1, 0, 0, 1, 0, 0, 0, 1, 0, 0, 2, 2, 0, 0, 2, 1, 0, 2, 0, 0, 0,
              1, 2, 0, 0, 0, 0, 1, 0, 0, 0, 0, 0, 2, 0, 0, 0, 1, 0, 0, 1, 0,
              1, 0, 2, 0, 0, 1, 0, 1, 0, 1, 1, 2, 0, 1, 0, 3, 1, 0, 2, 0, 0,
              2, 0, 0, 0, 2, 1, 1, 0, 0, 1, 1, 0, 0, 1, 1, 0, 0, 2, 1, 0, 1,
              1, 0, 0, 2, 0, 0, 0, 0, 0, 0, 0, 0, 0, 0, 3, 3, 2, 0, 0, 1, 2,
              0, 1, 2, 0, 2, 1, 0
            ],
            "max_sites": 14,
            "site_hist": [0, 156, 71, 38, 18, 4, 1, 3, 3, 0, 0, 2, 0, 1, 1]
          }, {
            "db": 0,
            "id": "SALL1_MOUSE.H11MO.0.D",
            "len": 17,
            "consensus": "DGGRGGSWGGGGSRRGS",
            "motif_evalue": 0,
            "motif_nsites": 500,
            "url": "http://hocomoco.autosome.ru/motif/SALL1_MOUSE.H11MO.0.D",
            "pwm": [
              [0.232004, 0.0860328, 0.441962, 0.240002], 
              [0.228004, 0.090032, 0.467956, 0.214007], 
              [0.110028, 0.265997, 0.541942, 0.0820335], 
              [0.463957, 0.00604884, 0.371976, 0.158018], 
              [0.0820335, 0.00204964, 0.893871, 0.0220455], 
              [0.0380423, 0.0160468, 0.889872, 0.0560387], 
              [0.0280443, 0.321986, 0.639922, 0.0100479], 
              [0.383973, 0.0260448, 0.030044, 0.559938], 
              [0.0160467, 0.010048, 0.953859, 0.0200459], 
              [0.190012, 0.0260448, 0.575935, 0.208008], 
              [0.0980303, 0.0120476, 0.833883, 0.0560387], 
              [0.116027, 0.0820336, 0.783893, 0.0180463], 
              [0.132024, 0.367976, 0.333983, 0.166017], 
              [0.395971, 0.190012, 0.261998, 0.15202], 
              [0.244001, 0.114027, 0.485953, 0.156019], 
              [0.190012, 0.10203, 0.577934, 0.130024], 
              [0.170016, 0.246001, 0.445961, 0.138022]
            ],
            "pvalue": "3.19e-12",
            "log_pvalue": -26.4694,
            "evalue": "1.70e-9",
            "log_evalue": -20.1947,
            "qvalue": "8.94e-11",
            "log_qvalue": -23.1376,
            "tp": 152,
            "fp": 58,
            "enr_ratio": 2.59322,
            "score_thresh": 12.0352,
            "total_sites": 152,
            "site_distr": [
              0, 0, 0, 0, 1, 0, 0, 0, 0, 0, 0, 0, 0, 1, 0, 1, 0, 0, 1, 0, 0,
              0, 1, 0, 0, 0, 1, 0, 1, 0, 0, 0, 0, 1, 1, 0, 0, 1, 0, 1, 0, 0,
              0, 0, 0, 1, 0, 0, 0, 0, 0, 0, 1, 0, 1, 0, 0, 0, 0, 0, 1, 0, 0,
              0, 0, 0, 0, 1, 0, 0, 0, 1, 1, 0, 1, 0, 0, 0, 0, 1, 1, 2, 0, 0,
              0, 0, 0, 0, 1, 0, 0, 0, 0, 1, 0, 0, 0, 0, 0, 0, 0, 1, 1, 0, 0,
              0, 0, 0, 0, 0, 0, 1, 0, 0, 0, 0, 0, 1, 0, 0, 0, 0, 0, 0, 0, 0,
              1, 0, 1, 0, 0, 0, 0, 1, 1, 0, 0, 0, 1, 0, 0, 1, 0, 0, 1, 0, 1,
              0, 0, 1, 0, 1, 2, 2, 0, 0, 1, 0, 0, 0, 0, 0, 1, 0, 0, 0, 1, 1,
              0, 0, 0, 0, 0, 0, 0, 0, 0, 0, 0, 0, 0, 0, 0, 0, 0, 1, 0, 0, 0,
              1, 0, 0, 1, 1, 1, 0, 0, 0, 1, 0, 0, 0, 0, 0, 0, 1, 0, 0, 0, 0,
              1, 0, 0, 2, 1, 1, 0, 0, 0, 0, 0, 0, 0, 0, 0, 1, 0, 0, 0, 3, 0,
              1, 0, 1, 0, 1, 0, 1, 1, 2, 0, 1, 1, 0, 1, 1, 0, 1, 1, 0, 2, 0,
              0, 0, 0, 1, 0, 1, 0, 0, 0, 0, 0, 1, 0, 0, 1, 1, 0, 0, 0, 0, 0,
              0, 1, 0, 0, 0, 0, 0, 0, 0, 2, 1, 0, 0, 0, 0, 0, 0, 1, 1, 1, 1,
              0, 0, 0, 0, 0, 0, 1, 0, 0, 1, 0, 0, 1, 0, 0, 0, 2, 0, 0, 0, 0,
              1, 1, 0, 0, 0, 0, 0, 0, 0, 0, 1, 0, 2, 0, 0, 0, 0, 1, 1, 0, 0,
              0, 1, 1, 0, 0, 1, 0, 1, 0, 0, 0, 1, 1, 1, 0, 0, 0, 0, 0, 0, 0,
              0, 0, 1, 0, 0, 0, 0, 0, 1, 0, 0, 0, 0, 0, 1, 1, 0, 0, 0, 1, 1,
              0, 0, 0, 0, 0, 1, 0, 0, 0, 0, 1, 1, 0, 0, 0, 0, 0, 0, 1, 0, 4,
              0, 0, 0, 1, 0, 0, 1, 0, 0, 0, 1, 0, 0, 1, 0, 0, 0, 0, 0, 0, 0,
              0, 0, 1, 0, 0, 1, 1, 0, 0, 0, 0, 0, 1, 0, 0, 0, 0, 0, 0, 0, 1,
              0, 0, 0, 0, 0, 2, 0, 0, 0, 0, 2, 0, 0, 0, 0, 0, 1, 0, 0, 0, 0,
              0, 0, 0, 2, 2, 1, 1, 1, 0, 1, 0, 0, 0, 0, 1, 0, 1, 1, 0, 2, 1,
              0
            ],
            "max_sites": 5,
            "site_hist": [0, 111, 27, 8, 5, 1]
          }, {
            "db": 0,
            "id": "SP5_MOUSE.H11MO.0.C",
            "len": 24,
            "consensus": "RRGGRGGRGGRGRRGGGGGAGGRG",
            "motif_evalue": 0,
            "motif_nsites": 499,
            "url": "http://hocomoco.autosome.ru/motif/SP5_MOUSE.H11MO.0.C",
            "pwm": [
              [0.282559, 0.138299, 0.470898, 0.108245], 
              [0.326638, 0.106241, 0.394761, 0.17236], 
              [0.188389, 0.110249, 0.573082, 0.128281], 
              [0.238479, 0.0701764, 0.543028, 0.148317], 
              [0.352685, 0.0561511, 0.537017, 0.0541474], 
              [0.208425, 0.0701764, 0.63319, 0.0882087], 
              [0.208425, 0.142306, 0.595121, 0.0541474], 
              [0.370717, 0.178371, 0.326638, 0.124274], 
              [0.206422, 0.0581547, 0.579092, 0.156331], 
              [0.184382, 0.116259, 0.605139, 0.0942195], 
              [0.288569, 0.0982269, 0.522991, 0.0902123], 
              [0.164346, 0.0641656, 0.703316, 0.0681727], 
              [0.334652, 0.170357, 0.408786, 0.0862051], 
              [0.422811, 0.0761872, 0.302595, 0.198407], 
              [0.230465, 0.0621619, 0.609147, 0.0982268], 
              [0.234472, 0.0321078, 0.541024, 0.192396], 
              [0.262522, 0.00606096, 0.713334, 0.0180825], 
              [0.0301041, 0.0220898, 0.939742, 0.00806446], 
