<!DOCTYPE HTML>
<html>
  <head>
    <meta charset="UTF-8">
    <title>SEA results</title>
    <script type="text/javascript">
      //@JSON_VAR data
      var data = {
        "version": "5.5.0",
        "revision": "f2d477cd7042ca2aea22804f4c36acfd3765987b",
        "release": "Wed Sep 7 14:18:26 2022 -0700",
        "program": "SEA",
        "cmd": [
          "sea", "--verbosity", "1", "--oc", ".", "--thresh", "10.0",
          "--align", "center", "--p",
          "DARs_nearSexBiasedGenes_fWTvsmWT_F.bed.fa", "--m",
          "motif_db/MOUSE/HOCOMOCOv11_full_MOUSE_mono_meme_format.meme"
        ],
        "options": {
          "objfun": "Differential Enrichment",
          "test": "Fisher Exact Test",
          "order": 2,
          "seed": 0,
          "pseudocount": 0.1,
          "thresh_type": "evalue",
          "thresh": 10,
          "hofract": 0.1,
          "is_holdout": true,
          "strands": "both",
          "align": "center",
          "noseqs": "false"
        },
        "motif_dbs": [
          {
            "source": "motif_db/MOUSE/HOCOMOCOv11_full_MOUSE_mono_meme_format.meme",
            "count": 531
          }
        ],
        "alphabet": {
          "name": "DNA",
          "like": "dna",
          "ncore": 4,
          "symbols": [
            {
              "symbol": "A",
              "name": "Adenine",
              "colour": "CC0000",
              "complement": "T"
            }, {
              "symbol": "C",
              "name": "Cytosine",
              "colour": "0000CC",
              "complement": "G"
            }, {
              "symbol": "G",
              "name": "Guanine",
              "colour": "FFB300",
              "complement": "C"
            }, {
              "symbol": "T",
              "aliases": "U",
              "name": "Thymine",
              "colour": "008000",
              "complement": "A"
            }, {
              "symbol": "N",
              "aliases": "X.",
              "name": "Any base",
              "equals": "ACGT"
            }, {
              "symbol": "V",
              "name": "Not T",
              "equals": "ACG"
            }, {
              "symbol": "H",
              "name": "Not G",
              "equals": "ACT"
            }, {
              "symbol": "D",
              "name": "Not C",
              "equals": "AGT"
            }, {
              "symbol": "B",
              "name": "Not A",
              "equals": "CGT"
            }, {
              "symbol": "M",
              "name": "Amino",
              "equals": "AC"
            }, {
              "symbol": "R",
              "name": "Purine",
              "equals": "AG"
            }, {
              "symbol": "W",
              "name": "Weak",
              "equals": "AT"
            }, {
              "symbol": "S",
              "name": "Strong",
              "equals": "CG"
            }, {
              "symbol": "Y",
              "name": "Pyrimidine",
              "equals": "CT"
            }, {
              "symbol": "K",
              "name": "Keto",
              "equals": "GT"
            }
          ]
        },
        "background": {
          "source": "--control--",
          "frequencies": [0.261, 0.239, 0.239, 0.261]
        },
        "sequence_db": {
          "source": "DARs_nearSexBiasedGenes_fWTvsmWT_F.bed.fa",
          "count": 1264,
          "maxlen": 500,
          "holdout": 126
        },
        "control_db": {
          "from": "shuffled",
          "count": 1264,
          "holdout": 126
        },
        "motifs": [
          {
            "db": 0,
            "id": "HNF1B_MOUSE.H11MO.0.A",
            "len": 15,
            "consensus": "RGTTAATRATTAACH",
            "motif_evalue": 0,
            "motif_nsites": 500,
            "url": "http://hocomoco.autosome.ru/motif/HNF1B_MOUSE.H11MO.0.A",
            "pwm": [
              [0.401972, 0.0560366, 0.343979, 0.198013], 
              [0.164019, 0.0300418, 0.733901, 0.0720378], 
              [0.0420438, 0.0560366, 0.0500378, 0.851882], 
              [0.0980326, 0.0820314, 0.0720334, 0.747903], 
              [0.937865, 0.00604659, 0.0400398, 0.016049], 
              [0.893873, 0.0580362, 0.00604659, 0.0420438], 
              [0.076037, 0.0220434, 0.00404699, 0.897873], 
              [0.393973, 4.77884e-05, 0.605927, 5.21916e-05], 
              [0.743903, 0.0260426, 0.034041, 0.196013], 
              [0.0820358, 0.024043, 0.110026, 0.783895], 
              [0.0120498, 0.034041, 0.00804619, 0.945863], 
              [0.70991, 0.0680342, 0.0920294, 0.130026], 
              [0.779896, 0.094029, 0.0780322, 0.0480426], 
              [0.0820358, 0.699908, 0.0380402, 0.180016], 
              [0.246003, 0.283991, 0.074033, 0.395973]
            ],
            "pvalue": "5.06e-34",
            "log_pvalue": -76.6665,
            "evalue": "2.69e-31",
            "log_evalue": -70.3917,
            "qvalue": "1.24e-31",
            "log_qvalue": -71.1626,
            "tp": 398,
            "fp": 153,
            "enr_ratio": 2.59091,
            "score_thresh": 9.16256,
            "total_sites": 398,
            "site_distr": [
              0, 0, 2, 0, 1, 1, 1, 1, 1, 0, 0, 0, 0, 0, 0, 0, 0, 0, 1, 1, 0,
              0, 0, 0, 0, 0, 0, 1, 1, 0, 0, 0, 1, 1, 0, 1, 0, 0, 1, 0, 1, 0,
              0, 0, 0, 0, 0, 1, 0, 0, 0, 1, 1, 2, 1, 0, 0, 0, 0, 0, 0, 0, 0,
              0, 0, 0, 0, 0, 0, 1, 1, 1, 1, 0, 0, 0, 0, 1, 1, 0, 0, 0, 0, 0,
              0, 0, 0, 0, 0, 0, 1, 1, 0, 0, 0, 0, 0, 0, 0, 0, 0, 1, 1, 1, 1,
              1, 0, 0, 0, 1, 1, 0, 1, 0, 1, 0, 0, 0, 0, 0, 0, 2, 0, 1, 0, 0,
              0, 0, 1, 0, 0, 1, 0, 0, 0, 1, 1, 2, 1, 0, 0, 1, 0, 1, 0, 0, 0,
              0, 0, 0, 0, 1, 0, 2, 0, 0, 0, 1, 0, 2, 1, 1, 2, 3, 2, 0, 2, 1,
              1, 0, 3, 0, 1, 0, 1, 3, 1, 0, 1, 1, 0, 2, 0, 3, 3, 0, 2, 1, 2,
              0, 1, 5, 0, 2, 1, 1, 1, 1, 0, 0, 3, 2, 2, 2, 1, 4, 1, 5, 1, 4,
              2, 1, 3, 3, 3, 3, 7, 2, 1, 1, 0, 4, 1, 0, 1, 2, 0, 1, 1, 5, 2,
              5, 3, 2, 1, 1, 1, 0, 1, 4, 6, 6, 1, 2, 0, 1, 0, 3, 1, 4, 1, 1,
              3, 1, 2, 4, 1, 4, 2, 1, 3, 2, 2, 0, 2, 5, 1, 1, 1, 3, 1, 4, 2,
              3, 2, 1, 0, 3, 1, 3, 0, 4, 2, 1, 5, 3, 0, 1, 0, 1, 0, 2, 1, 0,
              0, 0, 2, 2, 1, 0, 0, 1, 0, 0, 1, 1, 1, 2, 1, 0, 1, 0, 1, 0, 1,
              1, 2, 2, 2, 1, 0, 3, 0, 2, 1, 0, 0, 2, 3, 2, 3, 2, 1, 0, 0, 0,
              1, 1, 0, 2, 0, 0, 0, 0, 0, 1, 1, 1, 1, 0, 0, 2, 0, 1, 1, 1, 0,
              0, 0, 1, 0, 0, 2, 1, 0, 0, 0, 0, 2, 0, 1, 1, 1, 0, 0, 2, 1, 1,
              2, 0, 0, 0, 0, 1, 0, 0, 1, 0, 0, 0, 1, 0, 0, 1, 1, 0, 0, 0, 0,
              0, 0, 1, 0, 0, 0, 0, 0, 1, 1, 0, 0, 1, 0, 0, 0, 2, 0, 0, 0, 0,
              0, 0, 0, 0, 1, 1, 1, 0, 1, 0, 0, 0, 0, 1, 0, 0, 0, 0, 0, 1, 0,
              0, 1, 1, 0, 0, 0, 0, 1, 0, 0, 0, 1, 0, 0, 0, 0, 0, 0, 0, 1, 0,
              0, 0, 0, 0, 1, 1, 0, 1, 0, 0, 1, 1, 0, 0, 0, 1, 0, 0, 0, 2, 0,
              0, 0, 1
            ],
            "max_sites": 6,
            "site_hist": [0, 301, 75, 17, 4, 0, 1]
          }, {
            "db": 0,
            "id": "MAZ_MOUSE.H11MO.0.A",
            "len": 22,
            "consensus": "GGGGGAGGGGGDGRGRRRGRRG",
            "motif_evalue": 0,
            "motif_nsites": 500,
            "url": "http://hocomoco.autosome.ru/motif/MAZ_MOUSE.H11MO.0.A",
            "pwm": [
              [0.216009, 0.144019, 0.503947, 0.136025], 
              [0.283995, 0.024043, 0.651917, 0.0400442], 
              [0.301992, 0.0120454, 0.673913, 0.0120498], 
              [0.0820358, 0.0180442, 0.865875, 0.0340454], 
              [0.0520418, 0.112025, 0.825883, 0.0100502], 
              [0.647923, 0.0880302, 0.0260426, 0.238005], 
              [0.0540414, 0.0100458, 0.905867, 0.0300462], 
              [0.114029, 0.0200438, 0.851877, 0.0140494], 
              [0.265999, 0.034041, 0.665915, 0.0340454], 
              [0.271998, 0.00804619, 0.679912, 0.0400442], 
              [0.114029, 0.202007, 0.655917, 0.0280466], 
              [0.317989, 0.134021, 0.331981, 0.216009], 
              [0.174017, 0.0400398, 0.697908, 0.0880346], 
              [0.333985, 0.054037, 0.553937, 0.0580406], 
              [0.190014, 0.120024, 0.647918, 0.0420438], 
              [0.365979, 0.0780322, 0.511945, 0.0440434], 
              [0.299992, 0.0720334, 0.569934, 0.0580406], 
              [0.329986, 0.134021, 0.455957, 0.0800362], 
              [0.26, 0.0620354, 0.555937, 0.122028], 
              [0.273997, 0.204007, 0.445959, 0.076037], 
              [0.355981, 0.106027, 0.429962, 0.108031], 
              [0.273997, 0.0980282, 0.561935, 0.066039]
            ],
            "pvalue": "1.51e-27",
            "log_pvalue": -61.7564,
            "evalue": "8.03e-25",
            "log_evalue": -55.4816,
            "qvalue": "1.86e-25",
            "log_qvalue": -56.9456,
            "tp": 277,
            "fp": 90,
            "enr_ratio": 3.05495,
            "score_thresh": 11.6656,
            "total_sites": 277,
            "site_distr": [
              1, 2, 1, 2, 0, 0, 0, 0, 0, 0, 0, 2, 0, 0, 0, 0, 0, 0, 1, 0, 0,
              0, 0, 2, 2, 0, 0, 0, 1, 0, 0, 2, 1, 1, 0, 0, 2, 0, 0, 2, 1, 1,
              0, 0, 1, 0, 0, 0, 1, 0, 2, 0, 0, 2, 0, 1, 1, 0, 0, 0, 3, 0, 0,
              0, 2, 2, 0, 1, 0, 0, 0, 0, 0, 0, 0, 0, 0, 0, 0, 0, 0, 0, 1, 2,
              0, 1, 0, 0, 2, 1, 1, 0, 1, 1, 0, 1, 1, 2, 0, 1, 1, 0, 0, 0, 0,
              0, 0, 1, 1, 1, 0, 1, 1, 2, 0, 3, 2, 1, 1, 1, 0, 0, 1, 0, 3, 0,
              1, 0, 1, 1, 0, 0, 0, 0, 0, 0, 0, 1, 1, 1, 0, 0, 2, 0, 0, 0, 1,
              0, 2, 1, 0, 3, 1, 1, 0, 0, 0, 0, 1, 2, 1, 0, 0, 0, 1, 0, 0, 2,
              1, 2, 0, 1, 0, 0, 1, 0, 2, 0, 1, 1, 0, 3, 1, 0, 0, 0, 0, 0, 2,
              0, 0, 0, 1, 0, 1, 0, 0, 1, 0, 0, 0, 1, 0, 0, 0, 0, 1, 1, 0, 2,
              3, 0, 1, 0, 0, 2, 1, 0, 0, 0, 0, 1, 0, 2, 0, 1, 0, 2, 0, 1, 1,
              0, 1, 0, 0, 0, 1, 0, 1, 1, 0, 1, 1, 0, 0, 1, 0, 0, 1, 1, 2, 0,
              0, 2, 0, 1, 2, 1, 0, 0, 0, 0, 1, 0, 0, 0, 0, 0, 0, 1, 0, 1, 0,
              0, 0, 2, 0, 2, 0, 0, 1, 0, 0, 0, 0, 0, 0, 1, 1, 0, 1, 1, 1, 0,
              1, 0, 1, 2, 0, 2, 0, 0, 1, 0, 0, 0, 0, 0, 1, 0, 3, 1, 3, 0, 2,
              0, 1, 1, 0, 2, 0, 2, 0, 1, 1, 0, 0, 0, 0, 1, 0, 0, 0, 0, 0, 1,
              0, 1, 1, 1, 2, 1, 0, 0, 1, 2, 3, 1, 0, 0, 0, 0, 2, 0, 1, 0, 1,
              0, 0, 1, 2, 2, 1, 1, 0, 0, 0, 0, 0, 1, 0, 0, 1, 0, 2, 0, 0, 1,
              0, 1, 2, 0, 1, 0, 0, 1, 0, 0, 2, 0, 0, 1, 1, 0, 1, 0, 2, 0, 0,
              0, 0, 0, 1, 0, 0, 0, 2, 0, 0, 3, 0, 1, 1, 0, 0, 1, 0, 0, 0, 1,
              2, 1, 0, 0, 0, 0, 1, 0, 0, 0, 0, 1, 0, 0, 0, 0, 1, 0, 2, 0, 1,
              0, 0, 1, 0, 0, 0, 2, 1, 0, 0, 0, 0, 1, 1, 0, 1, 1, 0, 0, 1, 1,
              2, 0, 0, 0, 1, 0, 0, 0, 0, 0, 1, 1, 0, 2, 0, 0, 2
            ],
            "max_sites": 29,
            "site_hist": [
              0, 102, 50, 33, 25, 13, 14, 3, 5, 6, 5, 2, 2, 4, 1, 4, 2, 0, 0,
              2, 2, 0, 1, 0, 0, 0, 0, 0, 0, 1
            ]
          }, {
            "db": 0,
            "id": "HNF1B_MOUSE.H11MO.1.A",
            "len": 13,
            "consensus": "HWRGTTAATSATT",
            "motif_evalue": 0,
            "motif_nsites": 500,
            "url": "http://hocomoco.autosome.ru/motif/HNF1B_MOUSE.H11MO.1.A",
            "pwm": [
              [0.21001, 0.327982, 0.122023, 0.339984], 
              [0.238005, 0.158016, 0.136021, 0.467959], 
              [0.435965, 0.024043, 0.357976, 0.182016], 
              [0.0620398, 0.00404699, 0.903867, 0.0300462], 
              [0.0100502, 0.0320414, 0.0160446, 0.941864], 
              [0.0780366, 0.0300418, 0.0180442, 0.873877], 
              [0.971858, 0.00804619, 0.0180442, 0.00205179], 
              [0.865879, 0.0720334, 0.0220434, 0.0400442], 
              [0.0640394, 0.00604659, 0.00604659, 0.923867], 
              [0.206011, 0.222003, 0.419964, 0.152022], 
              [0.727907, 0.0220434, 0.0300418, 0.220008], 
              [0.0600402, 0.0200438, 0.120024, 0.799892], 
              [0.00205179, 0.064035, 0.00204739, 0.931866]
            ],
            "pvalue": "2.29e-26",
            "log_pvalue": -59.0398,
            "evalue": "1.21e-23",
            "log_evalue": -52.765,
            "qvalue": "1.87e-24",
            "log_qvalue": -54.6346,
            "tp": 287,
            "fp": 100,
            "enr_ratio": 2.85149,
            "score_thresh": 10.555,
            "total_sites": 287,
            "site_distr": [
              0, 0, 0, 0, 1, 0, 2, 0, 0, 0, 0, 1, 2, 0, 0, 0, 0, 1, 0, 0, 0,
              0, 0, 0, 0, 1, 1, 0, 1, 0, 0, 0, 1, 0, 0, 0, 0, 1, 1, 0, 0, 0,
              0, 0, 1, 1, 0, 0, 0, 0, 0, 1, 0, 0, 0, 1, 0, 1, 0, 0, 0, 1, 0,
              0, 0, 0, 0, 0, 0, 0, 2, 0, 0, 0, 1, 0, 0, 0, 1, 0, 0, 0, 0, 0,
              0, 0, 0, 0, 0, 0, 0, 0, 0, 0, 0, 0, 0, 0, 0, 1, 0, 0, 0, 0, 0,
              0, 0, 0, 0, 0, 0, 0, 0, 1, 0, 0, 0, 0, 0, 0, 0, 0, 0, 0, 1, 0,
              0, 1, 1, 0, 0, 0, 1, 0, 0, 0, 0, 0, 0, 0, 0, 0, 0, 0, 0, 1, 0,
              1, 0, 1, 0, 2, 0, 1, 0, 2, 0, 0, 0, 0, 1, 2, 1, 0, 0, 0, 1, 2,
              1, 0, 2, 2, 0, 1, 1, 0, 2, 0, 1, 1, 0, 2, 1, 0, 1, 1, 2, 1, 1,
              3, 1, 2, 1, 0, 1, 1, 1, 0, 1, 0, 2, 3, 2, 2, 1, 2, 2, 1, 0, 1,
              1, 1, 2, 3, 7, 3, 1, 3, 0, 1, 2, 1, 0, 1, 0, 3, 1, 1, 0, 4, 1,
              0, 1, 1, 1, 1, 0, 3, 4, 0, 1, 1, 0, 4, 0, 6, 1, 2, 0, 0, 1, 3,
              1, 5, 0, 1, 3, 0, 1, 0, 2, 3, 2, 2, 2, 1, 2, 1, 0, 4, 2, 2, 0,
              1, 1, 3, 0, 1, 3, 0, 0, 0, 1, 1, 0, 2, 1, 0, 4, 1, 1, 0, 0, 0,
              2, 2, 0, 0, 0, 1, 1, 1, 0, 3, 0, 2, 1, 0, 1, 0, 0, 1, 0, 0, 1,
              2, 0, 0, 1, 1, 1, 1, 3, 1, 2, 1, 3, 0, 1, 0, 1, 1, 0, 0, 1, 2,
              2, 0, 0, 0, 1, 0, 1, 1, 0, 0, 0, 0, 0, 1, 0, 0, 1, 0, 0, 0, 0,
              1, 1, 0, 1, 0, 0, 1, 0, 0, 1, 0, 1, 0, 0, 0, 0, 1, 0, 1, 0, 0,
              0, 0, 1, 0, 0, 0, 0, 0, 0, 0, 2, 0, 0, 0, 0, 0, 0, 0, 0, 0, 0,
              0, 0, 0, 0, 0, 0, 0, 1, 0, 0, 1, 0, 1, 0, 1, 0, 0, 0, 0, 0, 1,
              0, 0, 1, 0, 0, 0, 1, 0, 0, 1, 0, 1, 0, 0, 1, 1, 0, 0, 0, 0, 0,
              0, 0, 0, 0, 0, 0, 1, 0, 1, 0, 0, 1, 0, 0, 0, 0, 0, 0, 0, 0, 0,
              0, 0, 0, 2, 0, 0, 0, 0, 0, 0, 0, 0, 0, 0, 1, 0, 0, 0, 0, 0, 0,
              0, 1, 1, 1, 0
            ],
            "max_sites": 4,
            "site_hist": [0, 220, 50, 14, 3]
          }, {
            "db": 0,
            "id": "HNF1A_MOUSE.H11MO.0.A",
            "len": 15,
            "consensus": "RGTTAATMWTTAMCM",
            "motif_evalue": 0,
            "motif_nsites": 174,
            "url": "http://hocomoco.autosome.ru/motif/HNF1A_MOUSE.H11MO.0.A",
            "pwm": [
              [0.346434, 0.0299646, 0.483119, 0.140482], 
              [0.0946068, 0.00756097, 0.867987, 0.0298447], 
              [0.00704335, 0.0887613, 0.0118031, 0.892392], 
              [0.0930161, 0.0155149, 0.000137272, 0.891332], 
              [0.974653, 0.0171057, 0.00384912, 0.00439203], 
              [0.747811, 0.104739, 0.0346744, 0.112776], 
              [0.0903647, 0.00915176, 0.00862149, 0.891862], 
              [0.400934, 0.224384, 0.19787, 0.176812], 
              [0.559762, 0.0250597, 0.058006, 0.357172], 
              [0.0638515, 0.0229386, 0.0420281, 0.871182], 
              [0.0643818, 0.173283, 0.0118031, 0.750532], 
              [0.555185, 0.060127, 0.192303, 0.192385], 
              [0.498362, 0.283062, 0.0792865, 0.139289], 
              [0.189008, 0.569224, 0.0282413, 0.213526], 
              [0.356984, 0.368637, 0.148088, 0.12629]
            ],
            "pvalue": "1.55e-25",
            "log_pvalue": -57.1247,
            "evalue": "8.24e-23",
            "log_evalue": -50.85,
            "qvalue": "9.53e-24",
            "log_qvalue": -53.0072,
            "tp": 298,
            "fp": 110,
            "enr_ratio": 2.69369,
            "score_thresh": 10.373,
            "total_sites": 298,
            "site_distr": [
              0, 0, 1, 0, 0, 1, 1, 0, 0, 0, 0, 0, 0, 0, 1, 0, 0, 0, 1, 0, 0,
              0, 0, 0, 0, 0, 0, 1, 0, 0, 0, 0, 0, 0, 0, 0, 0, 0, 0, 1, 1, 1,
              0, 0, 0, 0, 0, 1, 0, 0, 0, 0, 1, 1, 0, 0, 0, 0, 0, 0, 0, 0, 0,
              1, 0, 0, 0, 0, 0, 1, 0, 0, 1, 0, 0, 0, 0, 0, 0, 0, 0, 0, 0, 0,
              0, 0, 0, 1, 1, 0, 1, 1, 0, 0, 1, 0, 0, 0, 0, 0, 0, 0, 1, 0, 1,
              0, 0, 0, 0, 0, 0, 0, 1, 0, 0, 0, 0, 0, 0, 0, 0, 1, 0, 1, 0, 0,
              2, 0, 1, 0, 0, 0, 0, 0, 0, 1, 0, 0, 0, 0, 0, 1, 0, 0, 0, 0, 0,
              0, 0, 0, 0, 2, 0, 0, 0, 0, 1, 1, 0, 0, 1, 0, 1, 4, 2, 1, 0, 1,
              0, 0, 3, 0, 1, 1, 1, 1, 1, 0, 1, 0, 0, 2, 0, 3, 2, 0, 2, 1, 1,
              0, 1, 3, 0, 2, 1, 0, 1, 1, 0, 0, 2, 0, 3, 2, 1, 3, 0, 4, 1, 4,
              2, 2, 1, 3, 2, 1, 3, 2, 1, 1, 1, 3, 0, 0, 2, 2, 0, 1, 2, 3, 1,
              3, 2, 2, 1, 1, 1, 0, 1, 5, 5, 6, 0, 0, 1, 0, 0, 2, 1, 3, 0, 1,
              1, 1, 2, 2, 0, 3, 2, 1, 1, 1, 1, 1, 1, 4, 1, 2, 1, 2, 1, 0, 1,
              3, 2, 2, 0, 2, 3, 1, 1, 3, 1, 0, 5, 2, 0, 0, 0, 0, 0, 2, 1, 0,
              0, 0, 3, 1, 0, 0, 0, 2, 0, 0, 3, 1, 0, 2, 0, 0, 0, 0, 0, 0, 0,
              1, 1, 2, 2, 1, 0, 3, 0, 2, 1, 0, 0, 2, 4, 3, 2, 2, 1, 0, 1, 0,
              0, 2, 1, 2, 1, 0, 0, 0, 0, 1, 0, 1, 0, 0, 1, 1, 0, 1, 1, 1, 0,
              0, 0, 0, 0, 0, 1, 1, 0, 0, 0, 0, 0, 1, 0, 0, 1, 0, 0, 0, 0, 1,
              1, 0, 0, 0, 0, 0, 0, 0, 0, 0, 0, 0, 0, 0, 0, 0, 1, 1, 0, 0, 0,
              0, 0, 0, 0, 0, 0, 0, 0, 0, 1, 0, 0, 1, 1, 0, 0, 1, 0, 0, 0, 0,
              0, 0, 0, 0, 1, 1, 0, 0, 1, 0, 0, 0, 0, 1, 0, 0, 0, 0, 0, 1, 0,
              0, 0, 1, 0, 0, 0, 0, 0, 0, 0, 0, 0, 0, 0, 1, 1, 0, 0, 0, 0, 1,
              0, 1, 0, 0, 0, 0, 0, 1, 0, 0, 1, 1, 0, 0, 0, 0, 0, 0, 0, 1, 1,
              0, 0, 0
            ],
            "max_sites": 3,
            "site_hist": [0, 242, 47, 9]
          }, {
            "db": 0,
            "id": "WT1_MOUSE.H11MO.0.B",
            "len": 20,
            "consensus": "RGGVGGGGGAGGRGGVGGRG",
            "motif_evalue": 0,
            "motif_nsites": 500,
            "url": "http://hocomoco.autosome.ru/motif/WT1_MOUSE.H11MO.0.B",
            "pwm": [
              [0.31199, 0.102027, 0.513945, 0.0720378], 
              [0.21001, 0.160016, 0.559936, 0.0700382], 
              [0.0880346, 0.112025, 0.761895, 0.0380446], 
              [0.273997, 0.303987, 0.275993, 0.146023], 
              [0.0980326, 0.084031, 0.803887, 0.0140494], 
              [0.289994, 0.0520374, 0.595929, 0.0620398], 
              [0.252002, 0.0260426, 0.713905, 0.00805059], 
              [0.00605099, 0.0260426, 0.955857, 0.0120498], 
              [0.0120498, 0.0160446, 0.971853, 5.21916e-05], 
              [0.825887, 0.148018, 0.00404699, 0.0220478], 
              [0.0120498, 0.00804619, 0.969854, 0.0100502], 
              [0.036045, 0.0120454, 0.907866, 0.0440434], 
              [0.475957, 0.100028, 0.385971, 0.0380446], 
              [0.238005, 0.0360406, 0.713905, 0.0120498], 
              [0.242004, 0.186011, 0.515945, 0.056041], 
              [0.305991, 0.214005, 0.38797, 0.0920338], 
              [0.120028, 0.0680342, 0.751897, 0.0600402], 
              [0.194013, 0.094029, 0.673913, 0.0380446], 
              [0.369978, 0.108026, 0.471953, 0.0500422], 
              [0.214009, 0.0800318, 0.679912, 0.026047]
            ],
            "pvalue": "2.37e-23",
            "log_pvalue": -52.0982,
            "evalue": "1.26e-20",
            "log_evalue": -45.8234,
            "qvalue": "1.16e-21",
            "log_qvalue": -48.2038,
            "tp": 354,
            "fp": 158,
            "enr_ratio": 2.2327,
            "score_thresh": 8.8899,
            "total_sites": 354,
            "site_distr": [
              2, 1, 0, 1, 0, 0, 0, 0, 1, 1, 0, 1, 1, 0, 0, 0, 1, 1, 0, 2, 1,
              2, 0, 0, 2, 0, 1, 0, 1, 0, 1, 0, 0, 1, 0, 2, 2, 0, 1, 0, 1, 1,
              1, 1, 0, 0, 2, 0, 0, 1, 0, 1, 2, 1, 1, 0, 1, 0, 1, 1, 0, 3, 1,
              0, 0, 1, 1, 1, 0, 0, 1, 1, 1, 1, 2, 0, 0, 0, 1, 1, 0, 0, 0, 1,
              2, 0, 0, 0, 0, 0, 0, 0, 1, 0, 1, 0, 0, 0, 1, 1, 1, 0, 0, 0, 0,
              1, 0, 1, 1, 0, 0, 2, 1, 1, 0, 3, 2, 1, 1, 1, 1, 0, 1, 0, 1, 2,
              0, 0, 2, 1, 0, 1, 0, 0, 1, 2, 0, 2, 0, 3, 0, 0, 0, 0, 0, 1, 2,
              1, 2, 1, 0, 1, 3, 0, 0, 2, 0, 0, 0, 1, 1, 0, 0, 0, 1, 0, 1, 0,
              1, 0, 1, 1, 0, 1, 0, 1, 1, 1, 2, 0, 1, 0, 0, 1, 0, 2, 0, 1, 1,
              1, 0, 0, 0, 0, 1, 0, 0, 1, 2, 0, 2, 4, 0, 0, 2, 3, 2, 0, 1, 0,
              0, 0, 0, 0, 1, 1, 0, 1, 1, 1, 2, 1, 0, 1, 1, 2, 0, 1, 3, 0, 1,
              0, 0, 0, 1, 1, 2, 1, 1, 1, 0, 0, 0, 0, 1, 2, 1, 1, 0, 0, 0, 1,
              1, 1, 2, 2, 2, 1, 1, 1, 0, 2, 0, 0, 0, 2, 0, 1, 2, 0, 0, 3, 0,
              0, 0, 1, 0, 1, 1, 0, 0, 1, 3, 0, 1, 1, 2, 1, 1, 0, 0, 1, 1, 2,
              0, 0, 2, 1, 1, 1, 1, 0, 0, 2, 2, 1, 0, 0, 1, 1, 1, 1, 2, 0, 1,
              1, 2, 0, 0, 1, 1, 0, 1, 3, 0, 0, 0, 0, 0, 1, 2, 1, 2, 0, 1, 0,
              1, 0, 0, 0, 1, 2, 3, 0, 2, 1, 0, 0, 1, 1, 1, 0, 2, 0, 0, 1, 0,
              1, 2, 1, 0, 0, 1, 0, 2, 0, 2, 0, 1, 1, 0, 0, 0, 1, 1, 0, 0, 0,
              0, 2, 0, 0, 0, 1, 1, 0, 1, 1, 1, 1, 1, 2, 1, 0, 1, 1, 0, 1, 0,
              0, 2, 0, 1, 3, 1, 0, 1, 0, 1, 1, 0, 1, 5, 0, 0, 1, 0, 1, 0, 3,
              0, 0, 0, 1, 1, 0, 0, 2, 0, 0, 0, 1, 0, 1, 0, 0, 0, 1, 0, 3, 0,
              0, 1, 0, 1, 0, 1, 0, 1, 1, 2, 1, 0, 1, 1, 0, 0, 0, 1, 0, 1, 0,
              1, 2, 0, 0, 0, 2, 0, 0, 0, 1, 0, 0, 1, 1, 0, 0, 4, 1, 3
            ],
            "max_sites": 48,
            "site_hist": [
              0, 142, 54, 33, 24, 25, 8, 8, 13, 11, 6, 3, 3, 2, 4, 1, 2, 5, 0,
              0, 1, 1, 0, 2, 0, 1, 1, 0, 0, 0, 0, 1, 0, 1, 0, 0, 0, 0, 0, 1,
              0, 0, 0, 0, 0, 0, 0, 0, 1
            ]
          }, {
            "db": 0,
            "id": "SP5_MOUSE.H11MO.0.C",
            "len": 24,
            "consensus": "RRGGRGGRGGRGRRGGGGGAGGRG",
            "motif_evalue": 0,
            "motif_nsites": 499,
            "url": "http://hocomoco.autosome.ru/motif/SP5_MOUSE.H11MO.0.C",
            "pwm": [
              [0.282561, 0.138297, 0.470895, 0.108247], 
              [0.32664, 0.106239, 0.394758, 0.172362], 
              [0.188391, 0.110246, 0.573079, 0.128283], 
              [0.238481, 0.0701741, 0.543025, 0.148319], 
              [0.352687, 0.0561489, 0.537014, 0.0541497], 
              [0.208427, 0.0701741, 0.633188, 0.088211], 
              [0.208427, 0.142304, 0.595119, 0.0541497], 
              [0.370719, 0.178369, 0.326636, 0.124276], 
              [0.206424, 0.0581525, 0.57909, 0.156334], 
              [0.184384, 0.116257, 0.605137, 0.0942218], 
              [0.288572, 0.0982246, 0.522989, 0.0902146], 
              [0.164348, 0.0641633, 0.703314, 0.0681749], 
              [0.334655, 0.170354, 0.408784, 0.0862074], 
              [0.422813, 0.0761849, 0.302592, 0.198409], 
              [0.230467, 0.0621597, 0.609144, 0.098229], 
              [0.234474, 0.0321056, 0.541022, 0.192399], 
              [0.262525, 0.0060587, 0.713332, 0.0180848], 
              [0.0301064, 0.0220876, 0.939739, 0.00806672], 
              [0.0260992, 0.0321056, 0.913692, 0.0281028], 
              [0.615159, 0.264524, 0.00806231, 0.112254], 
              [0.118265, 0.0160767, 0.817519, 0.0481389], 
              [0.00806672, 0.0240912, 0.937736, 0.0301064], 
              [0.500954, 4.78842e-05, 0.488928, 0.0100703], 
              [0.0561533, 0.0240912, 0.87362, 0.0461352]
            ],
            "pvalue": "2.38e-21",
            "log_pvalue": -47.4882,
            "evalue": "1.26e-18",
            "log_evalue": -41.2134,
            "qvalue": "9.73e-20",
            "log_qvalue": -43.7761,
            "tp": 209,
            "fp": 65,
            "enr_ratio": 3.18182,
            "score_thresh": 12.5994,
            "total_sites": 209,
            "site_distr": [
              0, 0, 1, 1, 0, 0, 0, 0, 1, 0, 0, 2, 0, 0, 0, 0, 0, 0, 2, 0, 0,
              0, 1, 1, 1, 1, 1, 0, 0, 0, 2, 0, 0, 0, 0, 0, 1, 0, 1, 1, 1, 0,
              0, 1, 0, 0, 0, 3, 0, 1, 1, 0, 0, 0, 0, 1, 0, 1, 1, 2, 0, 2, 1,
              0, 1, 0, 0, 0, 0, 0, 0, 0, 1, 0, 1, 1, 0, 0, 0, 0, 1, 1, 0, 0,
              0, 0, 0, 0, 2, 0, 1, 0, 0, 0, 0, 0, 0, 0, 0, 1, 0, 0, 0, 0, 2,
              1, 0, 1, 0, 1, 1, 0, 1, 0, 0, 0, 0, 1, 0, 2, 0, 1, 2, 0, 0, 1,
              1, 2, 1, 0, 0, 2, 0, 0, 0, 1, 0, 0, 0, 2, 0, 1, 0, 0, 0, 1, 1,
              0, 0, 0, 2, 0, 2, 1, 0, 1, 0, 0, 0, 0, 0, 0, 0, 2, 0, 0, 0, 1,
              1, 0, 0, 1, 0, 0, 0, 0, 0, 0, 1, 1, 0, 2, 0, 0, 0, 0, 0, 0, 1,
              0, 0, 1, 0, 0, 1, 0, 0, 1, 0, 1, 2, 1, 0, 0, 0, 0, 0, 1, 0, 0,
              0, 0, 0, 0, 0, 1, 0, 0, 2, 1, 1, 0, 0, 1, 0, 1, 1, 1, 0, 2, 0,
              1, 1, 0, 2, 1, 1, 1, 0, 0, 0, 1, 1, 0, 0, 1, 0, 1, 1, 0, 0, 1,
              0, 0, 0, 1, 0, 0, 0, 1, 0, 0, 1, 0, 1, 0, 0, 1, 0, 1, 0, 0, 0,
              0, 1, 1, 1, 1, 1, 0, 0, 0, 0, 2, 0, 0, 1, 0, 0, 1, 0, 0, 0, 0,
              1, 2, 1, 2, 0, 2, 0, 1, 1, 0, 0, 0, 2, 0, 0, 0, 1, 0, 0, 2, 0,
              1, 0, 0, 2, 1, 0, 0, 0, 0, 0, 0, 1, 0, 0, 1, 1, 0, 0, 0, 0, 0,
              0, 1, 2, 1, 1, 1, 0, 0, 0, 1, 1, 0, 0, 0, 0, 1, 0, 0, 0, 0, 0,
              0, 0, 0, 1, 0, 0, 0, 1, 0, 0, 0, 0, 0, 0, 0, 2, 0, 0, 0, 0, 1,
              1, 0, 0, 0, 0, 0, 0, 0, 1, 0, 0, 0, 0, 0, 0, 1, 2, 0, 0, 0, 0,
              0, 1, 2, 0, 0, 0, 0, 0, 1, 0, 2, 0, 0, 1, 0, 1, 1, 0, 0, 0, 0,
              1, 0, 1, 1, 0, 1, 0, 0, 0, 1, 0, 0, 0, 0, 0, 0, 2, 1, 0, 0, 1,
              1, 0, 0, 0, 0, 0, 0, 1, 1, 0, 1, 0, 0, 1, 1, 0, 0, 0, 0, 1, 0,
              1, 1, 0, 1, 0, 1, 0, 1, 0, 1, 0, 1, 1, 0, 1
            ],
            "max_sites": 18,
            "site_hist": [0, 89, 43, 21, 18, 13, 4, 2, 5, 0, 3, 5, 1, 1, 1, 1, 0, 1, 1]
          }, {
            "db": 0,
            "id": "ZN281_MOUSE.H11MO.0.A",
            "len": 15,
            "consensus": "GGGGTGGGGGAGGGG",
            "motif_evalue": 0,
            "motif_nsites": 500,
            "url": "http://hocomoco.autosome.ru/motif/ZN281_MOUSE.H11MO.0.A",
            "pwm": [
              [0.166019, 0.158016, 0.595929, 0.0800362], 
              [0.142024, 0.160016, 0.599928, 0.0980326], 
              [0.136025, 0.106027, 0.673913, 0.0840354], 
              [0.132026, 0.0680342, 0.615925, 0.184015], 
              [0.108031, 0.0280422, 0.236001, 0.627927], 
              [5.21916e-05, 4.77884e-05, 0.999848, 5.21916e-05], 
              [0.00805059, 4.77884e-05, 0.991849, 5.21916e-05], 
              [0.0120498, 4.77884e-05, 0.98785, 5.21916e-05], 
              [5.21916e-05, 4.77884e-05, 0.999848, 5.21916e-05], 
              [5.21916e-05, 4.77884e-05, 0.999848, 5.21916e-05], 
              [0.791894, 0.0380402, 0.00404699, 0.166019], 
              [0.0500422, 4.77884e-05, 0.865875, 0.0840354], 
              [0.00205179, 4.77884e-05, 0.997848, 5.21916e-05], 
              [0.00405139, 4.77884e-05, 0.985851, 0.0100502], 
              [0.0180486, 0.00604659, 0.957856, 0.0180486]
            ],
            "pvalue": "8.91e-21",
            "log_pvalue": -46.1672,
            "evalue": "4.73e-18",
            "log_evalue": -39.8924,
            "qvalue": "3.13e-19",
            "log_qvalue": -42.6092,
            "tp": 458,
            "fp": 253,
            "enr_ratio": 1.80709,
            "score_thresh": 0.831076,
            "total_sites": 458,
            "site_distr": [
              3, 1, 2, 2, 0, 1, 0, 0, 2, 0, 0, 3, 0, 1, 0, 1, 1, 1, 1, 3, 1,
              1, 0, 1, 0, 0, 0, 1, 0, 0, 3, 1, 2, 3, 2, 1, 0, 0, 1, 1, 0, 2,
              0, 2, 0, 1, 0, 0, 2, 1, 0, 3, 1, 0, 0, 1, 1, 0, 0, 3, 1, 2, 1,
              0, 4, 1, 1, 1, 1, 1, 1, 1, 3, 0, 0, 0, 1, 1, 1, 2, 2, 0, 1, 0,
              2, 0, 0, 0, 1, 0, 0, 0, 0, 0, 0, 1, 0, 2, 1, 1, 0, 1, 0, 1, 0,
              0, 3, 0, 0, 3, 0, 0, 1, 0, 4, 0, 1, 1, 2, 1, 0, 2, 4, 0, 2, 2,
              1, 3, 0, 0, 0, 2, 1, 0, 2, 2, 0, 1, 2, 0, 1, 1, 1, 1, 0, 2, 0,
              1, 1, 0, 0, 1, 0, 0, 3, 1, 2, 1, 0, 2, 1, 2, 2, 0, 0, 0, 2, 0,
              1, 0, 0, 1, 0, 1, 0, 1, 1, 0, 2, 1, 1, 1, 1, 1, 1, 2, 1, 1, 1,
              0, 1, 1, 3, 2, 0, 1, 0, 2, 2, 0, 1, 1, 0, 0, 1, 1, 0, 2, 0, 0,
              2, 0, 0, 0, 0, 3, 3, 0, 0, 2, 0, 2, 0, 2, 1, 1, 1, 3, 0, 1, 2,
              1, 2, 0, 2, 1, 0, 1, 0, 1, 0, 0, 4, 1, 3, 2, 0, 2, 0, 0, 0, 0,
              1, 1, 1, 1, 2, 0, 0, 0, 2, 2, 3, 0, 1, 3, 0, 3, 1, 0, 0, 0, 1,
              0, 1, 0, 2, 3, 3, 0, 2, 3, 0, 1, 1, 3, 1, 2, 0, 0, 0, 2, 2, 0,
              1, 1, 1, 1, 2, 2, 0, 2, 2, 1, 1, 1, 4, 2, 0, 0, 0, 3, 1, 1, 0,
              2, 0, 0, 0, 0, 0, 0, 3, 0, 0, 0, 1, 0, 0, 0, 1, 0, 1, 0, 2, 0,
              1, 1, 1, 0, 3, 2, 1, 0, 1, 2, 1, 1, 2, 3, 1, 1, 1, 1, 1, 0, 0,
              0, 1, 0, 3, 0, 0, 3, 1, 0, 0, 1, 0, 0, 0, 3, 1, 2, 0, 0, 0, 2,
              1, 0, 0, 0, 0, 1, 1, 1, 0, 1, 0, 1, 2, 0, 0, 1, 1, 1, 2, 1, 0,
              2, 0, 1, 3, 1, 0, 1, 2, 1, 2, 2, 4, 0, 0, 1, 2, 2, 1, 0, 2, 0,
              0, 0, 2, 0, 0, 1, 2, 3, 2, 2, 1, 2, 0, 2, 1, 0, 1, 0, 0, 2, 0,
              0, 1, 0, 0, 0, 1, 1, 1, 2, 1, 0, 2, 1, 0, 0, 1, 0, 0, 0, 1, 0,
              0, 1, 0, 1, 1, 0, 1, 2, 0, 0, 0, 2, 0, 1, 0, 0, 1, 0, 1, 0, 3,
              1, 2, 2
            ],
            "max_sites": 22,
            "site_hist": [
              0, 198, 102, 51, 30, 15, 12, 14, 10, 7, 5, 6, 2, 0, 0, 1, 0, 0,
              2, 1, 0, 0, 2
            ]
          }, {
            "db": 0,
            "id": "SP1_MOUSE.H11MO.0.A",
            "len": 24,
            "consensus": "GGVGGGGGVGGGGGMGGGGCSGGG",
            "motif_evalue": 0,
            "motif_nsites": 489,
            "url": "http://hocomoco.autosome.ru/motif/SP1_MOUSE.H11MO.0.A",
            "pwm": [
              [0.0593459, 0.141124, 0.713604, 0.0859254], 
              [0.124772, 0.155436, 0.650223, 0.0695688], 
              [0.23109, 0.263799, 0.453944, 0.0511677], 
              [0.139084, 0.177927, 0.629777, 0.0532122], 
              [0.134995, 0.1125, 0.725872, 0.0266328], 
              [0.239268, 0.118634, 0.552083, 0.0900145], 
              [0.157485, 0.0491186, 0.738139, 0.0552568], 
              [0.157485, 0.243353, 0.570484, 0.0286774], 
              [0.398745, 0.239264, 0.224952, 0.13704], 
              [0.171797, 0.0879654, 0.717694, 0.0225437], 
              [0.130906, 0.0552523, 0.770852, 0.0429894], 
              [0.175887, 0.0532077, 0.736095, 0.0348111], 
              [0.114549, 0.0491186, 0.799476, 0.0368557], 
              [0.0491231, 0.0164054, 0.92624, 0.00823165], 
              [0.310828, 0.611376, 0.0143609, 0.0634351], 
              [0.0654797, 0.0123163, 0.913972, 0.00823165], 
              [0.0409448, 0.0225392, 0.928284, 0.00823165], 
              [0.257669, 0.0286729, 0.695203, 0.0184545], 
              [0.0348111, 0.01845, 0.930329, 0.0164099], 
              [0.249491, 0.580707, 0.116589, 0.0532122], 
              [0.179976, 0.384428, 0.347626, 0.0879699], 
              [0.116594, 0.0777426, 0.68498, 0.120683], 
              [0.118639, 0.128857, 0.715649, 0.0368557], 
              [0.157485, 0.118634, 0.699292, 0.0245882]
            ],
            "pvalue": "1.86e-18",
            "log_pvalue": -40.8274,
            "evalue": "9.86e-16",
            "log_evalue": -34.5526,
            "qvalue": "5.70e-17",
            "log_qvalue": -37.403,
            "tp": 498,
            "fp": 300,
            "enr_ratio": 1.65781,
            "score_thresh": 4.94873,
            "total_sites": 498,
            "site_distr": [
              0, 1, 2, 1, 3, 0, 0, 1, 1, 0, 1, 0, 2, 0, 0, 2, 0, 0, 1, 1, 1,
              2, 1, 2, 0, 1, 1, 1, 2, 1, 2, 3, 0, 0, 1, 1, 1, 0, 0, 1, 2, 4,
              0, 2, 0, 1, 0, 2, 0, 0, 0, 0, 0, 0, 2, 1, 2, 1, 2, 1, 1, 0, 0,
              0, 1, 0, 1, 2, 1, 0, 1, 1, 1, 2, 3, 1, 1, 0, 0, 0, 1, 0, 1, 0,
              1, 0, 0, 0, 0, 1, 0, 0, 1, 3, 3, 0, 0, 0, 1, 1, 2, 1, 1, 0, 1,
              1, 0, 0, 1, 0, 3, 0, 4, 1, 3, 0, 0, 2, 1, 1, 2, 2, 1, 1, 0, 1,
              1, 1, 0, 0, 1, 1, 3, 0, 3, 0, 2, 0, 0, 1, 3, 2, 2, 2, 1, 1, 1,
              1, 0, 0, 1, 0, 0, 0, 1, 2, 1, 1, 3, 1, 0, 1, 0, 2, 0, 1, 0, 1,
              1, 0, 0, 1, 2, 0, 0, 1, 1, 1, 3, 2, 1, 1, 0, 1, 1, 1, 3, 0, 4,
              1, 1, 1, 0, 1, 2, 1, 1, 2, 0, 0, 2, 0, 3, 0, 0, 1, 0, 1, 1, 0,
              0, 3, 2, 0, 4, 4, 3, 2, 0, 1, 0, 1, 3, 1, 2, 1, 0, 0, 1, 1, 3,
              3, 0, 1, 2, 1, 0, 0, 0, 2, 0, 1, 3, 1, 1, 0, 2, 2, 2, 2, 1, 2,
              0, 0, 1, 1, 4, 1, 1, 0, 0, 1, 1, 1, 1, 2, 3, 0, 0, 2, 1, 0, 1,
              2, 2, 0, 2, 3, 3, 0, 2, 2, 1, 1, 0, 2, 3, 0, 2, 0, 4, 0, 3, 1,
              2, 0, 0, 1, 1, 4, 1, 5, 0, 1, 1, 3, 1, 0, 2, 0, 2, 5, 0, 2, 1,
              1, 3, 0, 0, 0, 1, 0, 1, 0, 1, 1, 0, 0, 1, 0, 1, 2, 0, 1, 3, 1,
              2, 3, 0, 2, 1, 0, 1, 0, 0, 2, 1, 1, 0, 5, 2, 0, 1, 2, 1, 0, 1,
              2, 0, 2, 1, 0, 0, 0, 1, 0, 0, 3, 1, 2, 1, 2, 0, 1, 1, 1, 0, 0,
              0, 2, 1, 0, 2, 2, 1, 1, 0, 2, 0, 4, 1, 1, 0, 1, 2, 0, 0, 0, 1,
              0, 0, 0, 1, 0, 2, 1, 2, 3, 0, 1, 1, 0, 1, 2, 2, 1, 0, 3, 1, 1,
              1, 0, 0, 0, 0, 3, 1, 2, 1, 1, 0, 0, 2, 1, 2, 1, 1, 2, 0, 1, 0,
              0, 0, 0, 3, 1, 1, 2, 0, 0, 2, 1, 0, 1, 0, 1, 0, 1, 2, 0, 0, 0,
              1, 1, 0, 3, 3, 1, 1, 0, 0, 2, 0, 1, 1, 2, 2
            ],
            "max_sites": 160,
            "site_hist": [
              0, 143, 66, 54, 31, 24, 21, 17, 5, 11, 8, 8, 8, 6, 5, 6, 4, 2,
              3, 4, 2, 5, 2, 4, 1, 2, 0, 2, 2, 2, 1, 3, 0, 2, 2, 0, 3, 2, 1,
              1, 0, 0, 2, 1, 2, 1, 3, 1, 1, 1, 1, 1, 2, 0, 0, 0, 0, 0, 2, 0,
              1, 0, 2, 0, 1, 2, 0, 0, 0, 0, 1, 0, 1, 0, 1, 0, 0, 1, 0, 0, 0,
              0, 1, 0, 0, 0, 0, 2, 0, 0, 0, 0, 0, 0, 0, 0, 0, 0, 0, 0, 0, 0,
              0, 0, 0, 0, 1, 0, 0, 0, 0, 0, 0, 0, 0, 0, 0, 0, 0, 0, 0, 0, 0,
              0, 0, 0, 0, 0, 0, 1, 0, 0, 0, 0, 0, 0, 0, 0, 0, 0, 0, 0, 0, 0,
              0, 0, 0, 0, 1, 0, 0, 0, 0, 0, 0, 0, 0, 0, 0, 0, 1
            ]
          }, {
            "db": 0,
            "id": "NR6A1_MOUSE.H11MO.0.D",
            "len": 13,
            "consensus": "AAGKYCAAGKTCA",
            "motif_evalue": 0,
            "motif_nsites": 500,
            "url": "http://hocomoco.autosome.ru/motif/NR6A1_MOUSE.H11MO.0.D",
            "pwm": [
              [0.541944, 0.0600358, 0.253997, 0.144023], 
              [0.601932, 0.108026, 0.174013, 0.116029], 
              [0.198013, 0.0320414, 0.553937, 0.216009], 
              [0.0180486, 0.124023, 0.433961, 0.423967], 
              [0.0520418, 0.329982, 0.034041, 0.583935], 
              [0.0280466, 0.945859, 0.0180442, 0.00805059], 
              [0.883875, 0.108026, 0.00404699, 0.00405139], 
              [0.883875, 0.024043, 0.0480382, 0.0440434], 
              [0.184015, 0.00404699, 0.795889, 0.016049], 
              [0.0600402, 0.0400398, 0.561935, 0.337985], 
              [0.0740374, 0.243999, 0.182011, 0.499952], 
              [0.0840354, 0.707906, 0.0560366, 0.152022], 
              [0.70991, 0.0600358, 0.110026, 0.120028]
            ],
            "pvalue": "2.85e-17",
            "log_pvalue": -38.0959,
            "evalue": "1.51e-14",
            "log_evalue": -31.8212,
            "qvalue": "7.78e-16",
            "log_qvalue": -34.7893,
            "tp": 412,
            "fp": 232,
            "enr_ratio": 1.77253,
            "score_thresh": 9.04524,
            "total_sites": 412,
            "site_distr": [
              1, 0, 2, 1, 0, 3, 2, 0, 1, 1, 1, 1, 1, 0, 1, 0, 1, 3, 1, 1, 2,
              0, 1, 1, 1, 0, 1, 1, 0, 1, 1, 0, 1, 2, 0, 1, 2, 0, 0, 0, 2, 2,
              1, 1, 1, 1, 0, 1, 1, 1, 0, 0, 0, 0, 2, 1, 0, 0, 0, 0, 1, 0, 2,
              0, 0, 0, 3, 0, 1, 0, 1, 1, 0, 1, 1, 0, 0, 1, 0, 1, 0, 0, 1, 1,
              0, 2, 0, 1, 0, 0, 1, 2, 0, 0, 1, 1, 0, 2, 1, 0, 0, 1, 0, 0, 0,
              1, 1, 0, 1, 0, 0, 0, 2, 0, 0, 0, 1, 3, 4, 0, 1, 0, 2, 0, 0, 1,
              0, 0, 0, 1, 0, 1, 0, 0, 0, 0, 1, 4, 1, 3, 2, 1, 2, 1, 0, 1, 2,
              2, 0, 0, 1, 0, 0, 1, 2, 0, 1, 1, 1, 0, 0, 0, 2, 4, 0, 0, 0, 0,
              1, 0, 1, 1, 2, 2, 1, 1, 1, 2, 1, 1, 2, 2, 0, 1, 2, 0, 1, 0, 3,
              1, 1, 0, 0, 1, 1, 1, 2, 1, 0, 0, 0, 0, 5, 0, 1, 1, 1, 0, 0, 0,
              1, 3, 0, 1, 0, 2, 4, 2, 1, 2, 1, 2, 4, 1, 2, 2, 1, 1, 2, 1, 1,
              3, 0, 1, 2, 2, 1, 2, 1, 0, 0, 2, 1, 1, 2, 1, 2, 1, 2, 0, 0, 0,
              0, 3, 1, 3, 0, 1, 1, 0, 0, 1, 0, 0, 2, 0, 4, 2, 1, 2, 2, 2, 0,
              0, 0, 1, 0, 1, 1, 1, 2, 1, 4, 3, 0, 0, 0, 4, 0, 0, 0, 0, 2, 2,
              0, 0, 2, 0, 2, 0, 1, 2, 2, 0, 0, 0, 1, 2, 0, 1, 2, 1, 0, 3, 0,
              1, 2, 0, 0, 0, 1, 1, 2, 0, 0, 1, 1, 0, 0, 0, 1, 2, 0, 0, 1, 0,
              0, 0, 1, 1, 1, 1, 0, 2, 0, 1, 0, 0, 1, 1, 4, 1, 1, 1, 0, 0, 2,
              2, 0, 0, 1, 3, 1, 0, 0, 2, 0, 1, 2, 1, 0, 1, 1, 0, 0, 3, 0, 0,
              1, 1, 1, 1, 0, 1, 1, 1, 0, 1, 1, 0, 0, 2, 0, 1, 0, 1, 0, 0, 0,
              0, 1, 0, 2, 0, 0, 1, 1, 2, 1, 2, 0, 0, 1, 0, 1, 1, 0, 0, 0, 1,
              1, 1, 2, 0, 2, 0, 0, 1, 0, 1, 1, 1, 2, 0, 0, 1, 1, 0, 1, 0, 1,
              0, 1, 1, 0, 0, 0, 0, 1, 1, 2, 1, 0, 2, 0, 0, 0, 0, 0, 0, 0, 0,
              2, 0, 1, 1, 1, 1, 0, 0, 0, 0, 1, 1, 0, 0, 1, 0, 0, 0, 1, 1, 2,
              0, 3, 0, 1, 0
            ],
            "max_sites": 4,
            "site_hist": [0, 307, 88, 15, 2]
          }, {
            "db": 0,
            "id": "ZBT17_MOUSE.H11MO.0.A",
            "len": 19,
            "consensus": "GGSGGHGGGGGAGGGGMGG",
            "motif_evalue": 0,
            "motif_nsites": 500,
            "url": "http://hocomoco.autosome.ru/motif/ZBT17_MOUSE.H11MO.0.A",
            "pwm": [
              [0.100032, 0.265995, 0.551937, 0.0820358], 
              [0.16202, 0.218004, 0.547938, 0.0720378], 
              [0.178017, 0.315985, 0.455957, 0.0500422], 
              [0.178017, 0.146019, 0.585931, 0.0900342], 
              [0.0840354, 0.152017, 0.673913, 0.0900342], 
              [0.299992, 0.220004, 0.158016, 0.321988], 
              [0.0440434, 0.0300418, 0.901867, 0.0240474], 
              [0.0780366, 0.0520374, 0.817884, 0.0520418], 
              [0.16202, 0.0280422, 0.775893, 0.0340454], 
              [0.0840354, 0.014045, 0.883871, 0.0180486], 
              [0.0140494, 0.00404699, 0.979852, 0.00205179], 
              [0.635925, 0.291989, 0.0120454, 0.0600402], 
              [0.122028, 0.00604659, 0.843879, 0.0280466], 
              [0.0400442, 0.0160446, 0.931861, 0.0120498], 
              [0.140024, 0.00404699, 0.821883, 0.0340454], 
              [0.0780366, 0.044039, 0.869874, 0.00805059], 
              [0.357981, 0.441959, 0.128022, 0.0720378], 
              [0.234005, 0.144019, 0.531941, 0.0900342], 
              [0.132026, 0.210006, 0.581931, 0.076037]
            ],
            "pvalue": "2.11e-16",
            "log_pvalue": -36.0945,
            "evalue": "1.12e-13",
            "log_evalue": -29.8197,
            "qvalue": "5.18e-15",
            "log_qvalue": -32.8932,
            "tp": 518,
            "fp": 330,
            "enr_ratio": 1.56798,
            "score_thresh": 6.53794,
            "total_sites": 518,
            "site_distr": [
              3, 0, 0, 0, 1, 5, 2, 1, 1, 0, 2, 0, 0, 0, 0, 2, 0, 2, 2, 0, 2,
              0, 0, 0, 2, 2, 1, 1, 1, 3, 1, 3, 1, 2, 1, 0, 0, 3, 1, 2, 1, 2,
              3, 1, 1, 0, 2, 1, 0, 0, 3, 2, 0, 0, 2, 0, 3, 2, 1, 2, 1, 0, 0,
              4, 1, 1, 0, 0, 2, 0, 1, 2, 0, 0, 1, 2, 0, 1, 0, 2, 0, 1, 0, 0,
              0, 0, 1, 1, 1, 1, 0, 0, 1, 0, 2, 1, 2, 2, 2, 0, 0, 2, 1, 0, 2,
              1, 0, 0, 1, 1, 1, 1, 1, 3, 2, 3, 2, 0, 1, 3, 0, 2, 1, 2, 1, 0,
              2, 1, 2, 3, 0, 0, 1, 0, 1, 3, 0, 0, 0, 2, 1, 0, 0, 1, 0, 1, 0,
              1, 1, 0, 2, 1, 2, 0, 0, 2, 1, 1, 0, 1, 2, 0, 0, 0, 1, 1, 0, 0,
              2, 0, 1, 1, 2, 1, 0, 1, 1, 3, 1, 1, 1, 1, 2, 0, 0, 2, 1, 2, 2,
              3, 1, 3, 1, 0, 0, 1, 2, 1, 0, 1, 0, 2, 1, 3, 3, 0, 1, 2, 0, 0,
              1, 2, 0, 0, 3, 2, 2, 1, 2, 2, 0, 1, 2, 2, 1, 2, 3, 2, 1, 0, 0,
